0.035785 124
244.951927 1
0.128833 1
0.451433 1
0.436560 1
0.219907 1
0.465028 1
0.312899 5
0.820345 1
0.163763 1
0.150672 1
0.118904 1
0.296351 1
0.090147 1
0.195875 2
0.000055 9
0.000191 116
1.752922 40
0.740708 73
0.019275 1
0.435411 82
0.006805 116
0.000065 1
11.069496 4
0.385137 1
4.666249 231
0.756116 297
0.000077 9
0.525237 36
100.141497 4095
0.000110 4204
0.000132 4095
0.000249 4095
0.000235 8192
0.000149 3040
0.000195 2298
0.000201 4923
0.000788 3831
0.000137 8192
0.000187 7330
0.000129 3250
0.000065 3107
0.000126 5111
0.000162 5062
0.000164 6394
0.000413 7618
0.000178 8192
0.000133 4095
0.000266 7449
0.000099 4095
0.000106 4095
0.000538 7154
0.000095 826
0.039901 34
1.061851 8192
0.000122 8192
0.000174 8192
0.000118 4095
0.000152 4095
0.000159 8192
0.000132 4095
0.000118 8192
0.000101 8192
0.000092 4095
0.000125 4095
0.000149 4095
0.000140 4095
0.000106 8192
0.000262 8192
0.000300 8192
0.000108 4095
0.000316 4095
0.000116 4095
0.000115 8192
0.000468 8192
0.000123 4095
0.000105 4095
0.000107 4095
0.000085 8192
0.000195 8192
0.000112 8192
0.000080 3083
0.000104 7737
0.000071 2085
0.000124 7816
0.000079 2287
0.000082 5529
0.000079 3430
0.053613 23
3.952924 3
0.996647 2
0.079058 173
0.021583 23
1.597161 2
0.026017 173
0.022790 26
0.384776 4095
0.000188 8192
0.000103 4095
0.000279 3951
0.021452 116
54.683467 50
1.107891 161
0.000151 9
0.146396 159
0.000065 286
26.042835 185
1.203304 83
0.000079 106
0.007593 162
0.008889 83
0.005131 197
0.183282 7921
0.000131 6471
0.000277 433
0.000079 2499
0.001278 99
0.000107 84
0.042179 8
0.000154 108
457.201296 1
0.159057 1
0.315912 4
0.166194 4
0.855411 1
0.135727 1
0.119490 1
0.080316 1
0.135778 1
1.116029 1
0.140595 1
0.244859 1
0.227462 1
0.424757 1
0.099734 1
0.238932 1
0.502153 1
0.129669 1
0.274802 2
0.000075 9
0.011654 8
0.000375 54
0.000033 13
0.001391 56
0.001018 149
0.000243 454
0.000104 23
0.000077 17
1.375394 6
0.000806 8
0.271292 29
0.000906 148
0.000042 56
0.000117 285
0.000051 242
0.000071 531
1.278347 6
0.000085 145
0.000057 87
0.000109 12
0.913375 6
0.000070 6
0.000031 67
0.000158 206
0.000034 62
0.285039 6
0.000363 45
0.003377 71
0.000301 61
0.001656 116
2.282370 1
0.376338 4
0.124457 1
0.225070 1
0.271155 1
0.085580 1
0.154838 11
0.000202 6
