0.065004 124
30.903237 1
0.099827 1
0.435674 1
0.551528 1
0.181321 1
0.379262 1
0.765725 4
0.140373 4
0.139495 4
0.155794 4
0.150003 4
0.135258 4
0.460989 27
0.515122 41
0.395973 29
0.840939 34
0.170574 36
0.170598 30
0.190464 1
0.490980 1
0.035119 1
0.330534 1
0.281003 1
0.250905 1
0.320802 1
0.179487 1
0.164626 1
0.216432 1
0.210079 1
0.244568 1
0.400755 1
0.184991 1
0.170104 1
0.105468 1
0.165842 1
0.173803 1
0.241726 11
0.000364 116
3.727026 50
0.579681 170
0.007754 52
0.001758 116
14.236904 41
0.330708 1
0.500847 1
0.030436 1
0.029654 1
0.029967 1
0.029839 1
0.030310 1
0.030348 1
0.030586 1
0.030286 1
0.029542 1
0.029537 1
0.029869 1
0.032230 1
0.028284 1
0.030016 1
0.030174 1
0.030019 1
0.030353 1
0.029449 1
0.031064 1
0.028844 1
0.031508 1
0.029194 1
0.030245 1
0.029395 1
0.030338 1
0.029604 1
0.029943 1
0.030875 1
0.030137 1
0.030044 1
0.033146 1
0.026989 1
0.029451 1
0.030954 1
0.028984 1
0.030607 1
0.030380 1
0.029442 1
0.031693 1
0.028091 1
0.541647 5
0.116161 5
0.054664 5
0.125071 5
0.210636 5
0.350720 11
0.065485 28
1.716324 2
0.163809 65
0.005074 116
4.297088 71
0.588378 494
0.026811 1240
0.003596 116
19.331850 47
0.611781 87
0.847168 30
0.000585 15
0.068867 19
0.017418 4095
0.000103 1293
0.000305 1176
0.000195 467
0.024800 116
34.746942 98
0.820101 185
0.000118 9
0.611017 86
0.034248 116
32.355260 32
0.781015 57
0.048996 29
0.049877 64
0.027951 64
0.087770 66
0.332740 103
0.001394 37
0.130557 27
0.079593 28
0.119889 31
0.336119 81
0.001423 68
0.205054 236
0.000446 274
0.000442 91
0.000649 179
0.000217 169
0.018189 65
0.008077 90
0.037636 13
0.089110 204
0.346713 137
0.018728 237
0.244858 417
0.004304 434
0.041759 437
0.005134 428
0.006697 426
0.008503 444
0.006240 408
0.040817 391
0.047461 404
0.480714 392
0.092350 268
0.000055 351
0.089801 386
0.498898 75
0.190118 383
0.499770 387
0.033073 417
0.001491 353
0.147338 381
0.187461 319
0.000222 82
0.249031 323
0.000506 250
0.222403 330
0.000082 86
0.027514 423
0.000371 172
0.000423 195
0.031696 405
0.031880 393
0.186304 309
0.008922 253
0.000370 90
0.001585 422
0.078461 396
0.499027 72
0.039690 393
0.155943 396
0.247840 400
0.499183 80
0.498434 80
0.498649 99
0.498364 99
0.206743 306
0.000336 101
0.001450 422
0.232177 412
0.065923 412
0.059409 433
0.092162 415
0.282797 309
0.000150 99
0.193985 405
0.028642 312
0.000067 99
0.031915 516
0.160118 99
0.015196 225
0.000392 190
0.498991 93
0.167204 408
0.217835 406
0.000762 412
0.089433 307
0.000114 2
0.000305 303
0.063701 409
0.098011 499
0.000788 314
0.000286 185
0.000177 505
0.028242 380
0.162761 99
0.019655 307
0.130032 316
0.000133 317
0.000056 196
0.011049 405
0.498995 99
0.498927 99
0.498380 99
0.499074 99
0.498930 99
0.498850 99
0.499200 99
0.499340 99
0.498673 99
0.498637 99
0.498753 99
0.498799 99
0.498980 99
0.440734 422
0.500487 99
0.500883 99
0.500436 99
0.513657 99
0.513075 99
0.511570 99
0.511759 99
0.510391 99
0.510343 99
0.508936 99
0.509291 99
0.441844 410
0.219256 99
0.193497 431
0.505464 99
0.505188 99
0.504588 99
0.504241 99
0.503679 99
0.403889 438
0.503586 99
0.502802 99
0.502951 99
0.221974 99
0.007665 332
0.502413 99
0.505358 99
0.387484 429
0.501607 99
0.501403 99
0.275062 234
0.708864 40
0.070621 40
0.079878 43
0.013668 29
0.232766 23
0.010110 285
0.046295 26
0.046221 26
0.052125 26
0.043211 26
0.043177 26
0.043016 26
0.047778 26
0.047331 26
0.049318 100
0.003359 64
0.029002 64
0.678191 43
0.107253 23
0.007712 255
0.001738 30
0.008294 26
0.006811 26
0.012268 26
0.001468 26
0.001949 22
0.000675 4
0.001618 26
0.007260 26
0.003396 26
0.006623 100
0.001805 60
0.023812 61
0.510465 39
1.118879 23
0.007286 285
0.005865 26
0.004617 26
0.009544 26
0.000896 26
0.001129 26
0.001326 26
0.005503 26
0.003191 26
0.006173 100
0.003279 64
0.027196 61
0.141281 43
0.134293 23
0.007387 285
0.005542 26
0.005192 26
0.003943 26
0.006942 26
0.001285 26
0.001250 26
0.006232 26
0.003586 26
0.006383 100
0.004044 74
0.043449 81
0.150412 69
0.026264 72
0.193119 69
0.031567 75
0.166408 73
0.026273 85
0.121007 77
0.030514 78
0.159625 76
0.030569 77
0.148096 77
0.025308 84
0.220456 71
0.027299 78
0.138408 54
0.106546 23
0.007248 285
0.006016 25
0.000197 1
0.005586 26
0.003567 26
0.006587 26
0.001346 26
0.001459 26
0.004722 26
0.003831 26
0.007994 100
0.002738 70
0.025554 73
0.114257 72
0.031273 81
0.149711 65
0.074988 68
1.348879 62
0.072898 65
0.471053 66
0.022995 75
0.117323 51
0.116616 23
0.007871 285
0.007813 26
0.007577 26
0.004849 26
0.009233 26
0.002064 26
0.001566 26
0.005622 26
0.003516 26
0.006228 100
0.003040 86
0.026951 111
0.119829 69
0.024855 75
0.143496 54
0.128847 23
0.007985 285
0.008145 26
0.006475 26
0.004351 26
0.007134 26
0.001118 26
0.001254 26
0.004613 26
0.003231 26
0.006105 100
0.004421 62
0.036241 64
0.154881 85
0.025309 98
1.514241 80
0.029491 92
1.643767 81
0.063351 94
1.884882 73
0.029022 83
0.169905 58
0.145650 23
0.008419 285
0.005901 26
0.005671 26
0.003748 26
0.007051 26
0.001106 26
0.001475 26
0.005835 26
0.004111 26
0.005454 100
0.003251 71
0.027882 69
0.122727 68
0.025859 67
0.381987 83
0.044317 139
0.008342 88
0.167156 81
0.173715 86
0.118924 76
0.031726 81
0.177367 77
0.029351 88
0.147889 70
0.089838 72
0.248325 65
0.028294 57
0.107029 82
0.027378 82
0.125891 77
0.402043 77
0.412908 71
0.030116 74
0.187782 76
0.026801 81
0.238481 76
0.029326 79
0.153887 77
0.033715 82
3.372699 71
0.027114 74
0.147717 85
2.043285 101
1.068242 74
0.027582 80
0.114461 75
0.024903 81
0.117020 96
0.026879 118
0.139818 80
0.062791 81
0.241073 71
0.026550 75
0.175493 67
0.022092 71
0.108156 73
0.022164 77
0.100108 85
0.025873 83
0.446722 71
0.026587 75
0.139311 68
0.027009 66
0.127662 75
0.028983 79
0.205459 70
0.023127 74
0.097062 65
0.028294 65
0.132927 72
0.028093 78
0.117399 91
0.027058 101
1.570717 100
0.024529 110
0.965443 91
0.024475 100
1.138860 89
0.025002 99
1.106218 75
0.024235 79
0.113458 75
0.026158 79
0.113367 79
0.027260 83
0.121580 79
0.027210 85
0.131519 69
0.027950 70
0.127454 77
0.166961 71
0.134224 78
0.164380 72
0.139993 67
0.178459 68
1.928706 73
0.616398 79
0.760856 51
0.024369 71
0.024987 49
0.030616 44
0.400204 54
0.076092 46
0.018680 77
0.241403 55
2.006048 57
0.034385 56
0.025580 61
0.025801 55
0.032670 48
0.027690 59
0.026146 72
0.024440 45
0.026187 52
0.029162 61
3.833337 56
0.017876 57
0.854547 67
0.027797 52
0.047543 56
0.339580 61
0.025351 57
0.025768 59
1.176645 67
0.023655 65
0.023376 62
0.024543 57
0.283868 74
0.025296 53
0.025644 53
0.058942 53
0.019697 80
4.098395 41
1.537310 76
0.021109 56
0.027492 49
0.029504 58
0.027622 45
0.133655 54
0.028584 57
0.027695 50
0.083281 46
0.582498 55
0.302959 53
0.028112 58
7.219602 60
0.051820 41
0.044736 57
0.045332 61
0.046127 44
1.165134 44
0.044726 54
1.195120 41
2.368834 43
1.477117 59
0.076400 141
0.052421 53
1.340177 43
0.013116 91
4.814340 84
0.032740 94
0.123753 88
0.332776 49
0.155306 57
0.071120 52
0.051829 57
0.543808 51
3.944191 56
0.137696 53
3.620137 55
0.061532 56
0.248493 57
1.526431 116
11.879959 47
0.660311 78
0.000081 9
0.536897 30
0.000394 15
0.062236 19
0.019722 116
14.321121 37
0.582421 67
0.037639 29
0.032318 64
0.023199 64
0.081010 66
0.317702 103
0.001151 37
0.594462 81
0.001428 68
0.004250 54
0.000430 46
0.002430 65
0.191447 47
0.002698 55
0.131803 64
0.119607 103
0.016372 22
0.108692 164
0.002280 65
0.027234 163
0.347788 254
0.000084 238
0.052371 107
0.640829 16
0.092779 84
0.007444 285
0.006286 26
0.005028 26
0.002900 26
0.008372 26
0.000930 26
0.001717 26
0.004859 26
0.003671 26
0.005103 100
0.002432 64
0.000283 256
0.018889 44
0.072990 128
0.140824 51
0.008054 63
0.000538 128
0.029455 43
0.669241 128
0.130651 60
0.008414 198
0.017973 50
0.073196 128
0.095656 48
0.008000 180
0.017977 30
0.079037 128
0.205128 31
0.022579 128
0.017379 128
0.020951 45
0.017923 128
0.272211 128
0.024639 44
3.875076 128
0.566316 185
0.002538 759
0.001375 211
0.097228 509
0.000052 509
0.860296 125
0.582818 128
0.019336 51
0.007867 128
0.298865 128
0.009819 53
1.414759 20
0.201649 116
16.640510 34
0.597440 52
0.000039 9
0.072634 75
0.000440 58
0.000331 41
0.001219 493
0.001134 376
0.000325 250
0.000345 713
0.000753 98
0.000130 563
35.948645 6
0.000103 421
2.292819 34
0.145437 34
0.335014 36
0.129356 36
0.499602 34
0.121213 34
0.123339 34
1.255325 34
0.280221 34
0.904331 34
0.440801 34
0.249844 34
0.250486 34
0.603264 6
0.000257 348
0.001339 411
0.000223 378
0.000027 293
0.000525 706
0.000317 372
1.487632 49
1.670174 19
0.454796 21
0.357579 34
0.001112 47
0.583784 23
0.216243 21
0.422579 48
1.666135 21
0.210735 19
0.499464 19
0.029289 19
0.031243 19
0.029845 19
0.029713 19
0.031656 19
0.029104 19
0.029980 19
0.031306 19
0.028209 19
0.030638 32
0.029133 19
0.030555 19
0.029984 19
0.029199 19
0.030093 19
0.030811 19
0.029925 19
0.031240 19
0.030969 19
0.149255 19
0.985856 28
0.647360 25
0.294858 25
0.645897 23
0.907900 19
0.615940 21
0.179174 21
0.391896 19
0.319801 21
0.185861 21
0.665587 19
0.181262 19
0.890578 19
0.361402 19
0.294872 19
1.383501 6
0.000512 37
0.014504 70
0.000080 20
7.764061 419
1.701276 6
0.000269 42
0.014225 392
0.000057 12
0.000303 8
0.932898 6
0.010451 66
0.009431 116
16.006030 32
0.581444 48
0.000193 9
0.275563 624
0.172174 49
2.669386 53
0.003460 202
0.005478 675
0.083396 63
0.077393 69
0.013403 40
0.032696 40
0.768185 74
0.010329 90
0.007577 11
0.107233 49
0.001911 5
0.000563 69
0.034624 77
0.013467 51
4.863489 52
1.748639 55
4.860443 56
1.762800 61
0.020128 62
0.037643 28
0.011970 52
0.021066 2
0.001239 84
0.000451 2
14.246912 55
0.016349 32
0.010448 47
0.020980 2
0.001840 84
0.000556 2
0.045874 22
0.034959 54
0.037004 57
0.037415 53
0.047822 61
0.010652 1
0.002101 2
0.235179 74
0.094656 51
0.121132 55
0.304896 50
0.138981 67
0.007979 44
1.242786 75
0.007444 44
1.655244 64
0.170521 47
0.726042 57
0.013718 54
0.008051 48
0.010476 48
0.010712 52
0.010619 49
0.011315 50
0.010339 53
0.010177 52
0.010141 54
0.010405 60
0.010544 57
0.011707 49
0.010430 63
0.010448 54
0.010610 53
0.010086 52
0.010703 50
0.010618 51
0.011164 49
0.009332 72
0.011155 69
0.010485 56
0.010035 57
0.010827 59
0.010262 63
0.010155 61
0.010307 63
0.010514 63
0.010648 64
0.010156 57
0.010233 60
0.010404 63
0.010284 49
0.010034 54
0.071802 63
0.059318 62
0.029165 42
0.036622 75
0.041211 68
0.042292 53
0.042243 63
0.089403 34
0.033752 74
0.063500 75
0.109027 55
0.038239 46
0.095574 71
0.057890 65
0.051550 84
0.007568 84
0.035744 77
0.074770 61
0.066699 77
0.036738 56
0.121216 73
0.056361 72
0.049905 60
0.064130 89
0.043575 53
0.042509 42
0.078226 65
0.067085 47
0.046015 49
0.043155 56
0.050132 55
0.055736 72
0.055279 65
0.080886 65
0.000097 2
0.041031 66
0.050841 49
0.053244 77
0.034467 60
0.031859 69
0.068228 66
0.044858 68
0.057458 65
0.291619 45
0.050673 56
0.112078 67
0.039155 56
0.247048 49
0.045925 75
0.025671 66
0.088208 57
0.124745 77
0.032827 38
0.119340 58
0.041402 62
0.085962 67
0.311351 65
0.124103 63
0.073877 45
0.030755 52
0.179980 63
0.034662 42
0.023695 75
0.028860 71
0.061628 69
0.035910 34
0.025077 65
0.028334 64
0.028922 64
0.175288 60
0.112507 54
0.250657 62
0.040933 54
0.058678 68
0.053895 61
0.039343 55
0.043610 59
0.105381 64
0.177024 68
0.074680 72
0.098283 58
0.218659 89
0.154909 55
0.268519 68
0.055351 86
0.066193 55
0.062380 64
0.060411 84
0.070552 60
0.136770 62
0.129395 70
0.088995 57
0.135522 59
0.007267 35
0.493689 32
0.042837 64
0.041293 79
0.041053 66
0.074504 62
0.124744 75
0.013170 39
0.444852 64
0.013347 37
6.559363 56
0.405307 86
0.616011 60
5.698584 76
0.067770 65
0.061760 65
0.007548 25
0.064493 2
0.002023 67
0.001824 2
0.001962 31
0.002143 2
0.001949 31
0.001953 85
0.001884 2
0.001650 58
0.002061 2
0.001998 10
0.001649 78
0.002580 69
0.003501 66
0.001962 2
0.002198 11
0.002014 2
0.002006 67
0.002179 2
5.073545 84
0.071862 67
11.091746 63
0.011742 51
0.010307 38
0.017552 2
0.001334 85
0.000599 2
0.020011 44
0.019606 32
0.016017 60
0.030027 71
0.048167 71
0.321986 66
0.148940 62
0.147850 40
0.118121 74
0.070298 56
0.061349 76
0.092219 58
0.138556 58
0.141257 87
0.520973 76
0.044148 65
0.035287 70
0.103809 57
0.040720 59
0.360206 63
0.100220 76
0.045664 53
0.219582 48
0.035224 72
0.255740 68
0.198441 65
0.153129 69
0.071879 66
0.116862 66
0.059468 54
0.499222 70
0.063759 64
0.095610 60
0.974866 50
0.243091 70
0.061933 67
0.312443 74
0.061016 64
0.070614 63
0.087172 65
0.065309 61
0.063457 57
0.065413 69
0.090410 65
0.044171 58
0.364997 63
0.113910 71
0.472879 56
0.280601 69
0.465969 74
0.061076 61
0.155742 55
0.065621 26
0.194754 59
0.075102 59
0.053941 62
0.074179 69
0.075900 63
0.075367 63
0.094321 64
0.114655 64
0.092594 83
0.062197 44
0.135105 52
0.041171 48
0.134163 56
0.072769 72
0.520958 67
0.168531 67
0.088605 69
0.047823 70
0.066792 53
0.360851 81
0.149921 71
0.162423 74
0.388774 57
0.070747 69
18.783819 78
0.018110 2
0.001286 85
0.000412 2
0.077529 60
0.036988 44
0.124291 38
0.035775 55
0.067368 71
0.065695 67
0.099766 19
0.007493 49
0.266780 62
0.032661 23
0.364559 46
0.142241 49
0.036944 47
0.036660 47
0.061480 76
0.038376 60
0.034988 60
0.038401 63
0.060552 68
0.062771 66
0.031808 71
0.074773 81
0.012825 42
0.512597 70
0.076536 81
0.036311 40
0.074383 56
0.037160 63
0.163622 133
0.048811 59
0.222572 62
0.067400 74
0.169972 168
0.687453 65
0.057160 73
0.034841 44
0.102686 55
0.051328 45
0.050085 46
0.061335 45
0.051472 49
0.062882 46
0.050862 47
0.085671 50
0.052357 59
0.050089 63
0.051261 64
0.050855 64
0.051752 65
0.062233 73
0.485366 67
0.304913 60
0.036514 59
0.096386 73
0.034972 57
0.928938 62
0.044076 65
0.046535 62
0.049812 60
0.046495 61
0.047732 56
0.154927 67
0.048490 66
0.046639 68
0.114367 67
0.080059 70
0.046752 73
0.046318 65
0.086383 59
0.044310 79
0.079070 68
0.044855 70
0.856143 74
0.044059 76
0.044378 69
0.045125 75
0.043969 77
0.045719 71
0.046003 67
0.043624 74
0.044491 79
0.047383 84
0.044277 87
0.044228 81
0.045508 76
0.043917 81
0.044919 63
0.044531 65
0.045225 81
0.045374 76
0.079785 84
0.045974 80
0.316284 66
0.040957 55
0.096741 63
0.052186 59
0.000448 69
0.015215 57
0.003282 74
0.086241 128
0.007970 35
0.005661 75
0.060240 194
0.056895 155
0.056445 180
0.058694 181
0.058114 277
0.057756 175
0.058578 137
0.057002 223
0.055976 230
0.059199 186
0.057889 179
0.056796 161
0.056640 149
0.057782 144
0.057424 144
0.058880 157
0.058147 182
0.057601 180
0.056677 180
0.057188 186
0.057484 177
0.057047 158
0.059859 155
0.059949 155
0.058599 154
0.058759 155
0.056645 157
0.056972 186
0.056868 145
0.058707 155
0.059022 157
0.057313 120
0.059554 144
0.059951 137
0.057037 220
0.057561 175
0.060003 158
0.058560 246
0.058382 179
0.057862 259
0.059141 153
0.059353 1290
0.000039 250
0.003552 361
0.000339 353
0.100424 2
0.001459 137
0.000432 2
0.041705 116
55.590330 67
0.844067 178
0.000235 9
36.395473 67
0.011353 53
0.011310 52
71.709100 54
0.007098 66
0.268817 79
0.034234 23
0.332476 46
12.038132 116
827.542276 93
0.685011 180
0.000157 9
0.043704 28
1.795015 2
0.178158 29
0.180179 64
0.034003 64
0.071723 66
0.267437 70
0.009478 33
0.000684 37
0.034185 275
0.430111 81
0.001567 68
0.102520 47
0.002375 23
0.018891 64
0.005799 103
0.012690 13
0.110340 167
0.003369 110
0.656565 85
0.007554 259
0.002308 26
0.029270 26
0.038037 26
0.032367 26
0.037355 26
0.029295 26
0.030022 26
0.034474 26
0.032919 26
0.035457 100
0.002011 63
0.007620 43
0.096314 44
0.872778 116
6.302314 163
0.590540 187
0.104747 116
32.767126 213
0.990372 294
0.027865 105
0.003555 116
4.327792 61
0.595364 181
0.206486 13
0.198575 174
0.107930 274
0.002207 99
0.052369 146
0.123497 47
0.040386 161
0.143644 47
0.016568 190
0.017302 80
0.001278 48
0.001106 73
0.003887 120
0.149394 25
0.053601 128
0.135702 25
0.068501 130
0.136775 64
0.246236 29
0.014888 29
0.005347 58
0.002400 58
0.013503 29
0.061228 58
0.012300 58
0.643714 30
0.289004 60
0.164419 60
0.006002 60
0.001380 60
0.019739 60
0.004510 60
0.148451 60
0.044432 60
0.046657 30
0.080573 60
0.022347 60
0.221318 60
0.079360 60
0.004096 60
0.001974 60
0.004230 60
0.000566 60
0.002945 60
0.000352 60
0.000395 60
0.001382 60
0.049149 60
0.034950 60
0.043298 60
0.015718 60
0.104316 60
0.042866 30
0.022741 60
0.002405 60
0.221083 60
0.208466 33
0.075603 29
0.028024 64
0.021928 64
0.073774 66
0.271366 103
0.000908 37
0.414882 81
0.001160 68
0.740609 56
0.017993 64
0.005443 103
0.011933 13
0.501013 25
0.500398 25
0.500712 25
0.500774 25
0.499784 25
0.284777 156
0.500837 32
0.500736 33
0.499328 34
0.498854 34
0.498818 34
0.498646 34
0.499089 99
0.498907 99
0.499195 99
0.498940 99
0.498982 99
0.498906 99
0.498748 99
0.498970 99
0.498661 99
0.498892 99
0.498771 99
0.498767 99
0.228384 235
4.545539 71
0.006673 259
0.001365 26
0.004017 26
0.004127 26
0.003272 26
0.007432 26
0.001239 26
0.001410 26
0.004140 26
0.003288 26
0.005072 100
0.002085 52
0.343631 30
4.958594 31
0.574511 116
1.291722 24
0.626783 32
0.000029 9
0.125970 17
0.016127 116
48.714716 39
0.837902 71
0.677632 264
1.734658 100
0.188297 100
0.198882 100
0.198843 100
0.198913 100
0.199229 100
0.198955 100
0.199019 100
0.199267 100
0.198341 100
0.199526 100
0.198826 100
0.199252 100
0.199262 100
0.198219 100
0.199718 100
0.197962 100
0.198997 100
0.199114 100
0.199063 100
0.199100 100
0.198714 100
0.199018 100
0.198905 100
0.207793 100
0.208054 100
0.208597 100
0.208282 100
0.208453 100
0.200207 100
0.200018 100
0.199011 100
0.197862 100
0.199090 100
0.204239 100
0.194007 100
0.198610 100
0.199117 100
0.199595 100
0.198552 100
0.198869 100
0.199069 100
0.198995 100
0.199839 100
0.198993 100
0.198540 100
0.199147 100
0.198355 100
0.199066 100
0.199055 100
0.198884 100
0.199029 100
0.199289 100
0.199140 100
0.198587 100
0.198839 100
0.199733 100
0.198436 100
0.198824 100
0.207645 100
0.190342 100
0.199157 100
0.198893 100
0.198930 100
0.206145 100
0.208125 100
0.208428 100
0.208665 100
0.208497 100
0.201269 100
0.199627 100
0.199928 100
0.200570 100
0.199036 100
0.200230 100
0.199317 100
0.200687 100
0.199058 100
0.199902 100
0.200058 100
0.199992 100
0.199553 100
0.200609 100
0.199646 100
0.199406 100
0.200102 100
0.200316 100
0.200144 100
0.199450 100
0.199937 100
0.200723 100
0.200031 100
0.200172 100
0.200296 100
0.198896 100
0.200004 100
0.199975 100
0.200024 100
0.200052 100
0.199979 100
0.199944 100
0.199991 100
0.199792 100
0.199921 100
0.200674 100
0.200440 100
0.200122 100
0.200074 100
0.200180 100
0.200153 100
0.200105 100
0.200074 100
0.200183 100
0.199354 100
0.199963 100
0.199881 100
0.200059 100
0.200028 100
0.200368 100
0.200205 100
0.200002 100
0.199993 100
0.200042 100
0.200220 100
0.199168 100
0.199852 100
0.201168 100
0.127155 102
0.000042 123
0.020628 116
26.162411 33
0.670049 59
0.150892 291
0.000119 154
2.252221 86
0.000036 126
0.019985 81
0.000195 197
0.057750 4095
0.000267 4095
0.000160 8192
0.000313 8192
0.000287 8192
0.000095 4095
0.000046 4095
0.000345 4095
0.000109 3191
0.045309 116
95.822544 1
0.079180 1
0.007925 1
0.235960 1
0.135898 1
0.018509 1
0.172318 1
0.539651 1
0.161150 1
0.265555 4
0.129721 4
0.160952 4
0.501537 4
0.029452 4
0.030143 4
0.029898 4
0.029696 4
0.030122 4
0.029895 1
0.031094 1
0.030418 1
0.038901 1
0.135539 1
0.094221 1
0.095329 1
0.109917 1
0.096847 1
0.118534 1
0.440635 1
0.191971 1
0.235078 1
0.149216 1
0.241579 1
0.241003 1
0.319920 11
0.780842 351
0.000035 267
0.000056 148
0.000022 142
0.000061 172
0.000058 51
0.000026 47
0.000070 100
0.006753 116
215.715813 113
157.953555 113
21.156163 66
0.656749 186
0.754393 445
15.227678 84
0.000276 107
0.372728 162
0.007207 197
0.651567 4095
0.000105 4095
0.000094 8192
0.000265 8192
0.000174 4095
0.000136 4095
0.000090 8192
0.000194 8192
0.000090 8192
0.000110 8192
0.000113 8192
0.000170 4095
0.000080 4095
0.000119 4095
0.000131 4095
0.000083 4095
0.000107 8192
0.000270 4095
0.000125 4095
0.000118 8192
0.000175 4095
0.000150 4095
0.000138 4095
0.000123 4095
0.000072 4095
0.000070 4095
0.000114 4095
0.000093 3629
0.027775 116
90.337457 96
0.771652 192
0.749168 445
0.300478 84
0.000493 107
0.365678 162
0.007839 197
0.420019 4095
0.000100 1506
0.025149 116
126.830616 3
10.232221 123
0.232659 11
0.000153 116
5.033197 61
0.577124 181
0.151258 445
49.758574 84
0.000355 107
0.192514 162
0.000212 197
0.046016 8192
0.000167 4095
0.000074 3598
0.049717 116
20.691236 113
0.036864 113
87.988396 1
0.152010 1
2.639020 128
0.827299 117
0.768269 291
0.000290 154
0.308785 84
0.000800 107
0.372074 162
0.006460 197
0.452114 8
0.000038 108
3.060739 125
0.676195 221
0.148092 445
0.196687 84
0.000345 107
0.214395 162
0.000342 197
0.183891 116
0.773550 1
0.091424 1
0.122161 1
0.396627 1
0.170584 1
0.108354 1
0.250895 11
0.008078 12
0.000074 406
0.001582 116
53.868901 1
0.254660 1
0.280501 1
0.109733 1
0.437773 4
0.113818 4
0.211587 1
0.089753 1
0.856298 11
0.000307 6
