0.031624 124
338.171998 1
0.090174 1
0.375566 1
0.769475 1
0.376417 1
0.440363 1
0.371141 5
0.895766 1
0.185956 1
0.354814 1
0.871624 1
0.385339 1
0.431648 1
0.248099 11
0.000332 116
1.737323 1
0.200620 1
0.136495 1
0.268708 1
0.074996 1
0.135014 1
0.175854 1
0.045474 1
0.169566 1
0.064555 1
0.231566 1
0.400330 1
0.068379 1
0.282922 1
0.155040 1
0.304037 1
0.175560 1
0.465664 1
0.350250 1
0.140739 1
0.133881 1
0.076937 1
0.810299 1
0.356269 1
0.064920 1
0.141097 1
0.158625 1
0.090621 1
0.164164 1
0.055930 1
0.459347 1
0.252079 1
0.099888 1
0.154411 1
0.572378 1
0.243818 1
0.094601 1
0.541481 1
0.234897 1
0.166101 1
0.214913 1
0.144659 1
0.205962 11
0.007637 116
105.957903 1
0.204690 1
0.089679 1
0.122190 1
0.214261 1
0.722294 1
0.083620 1
0.170819 1
0.114166 1
0.046088 1
0.190366 1
0.028810 1
0.802245 1
0.376423 1
0.102883 1
0.321837 1
0.150570 1
0.294826 1
0.119029 1
0.311808 1
0.295716 1
0.124716 1
0.140195 1
0.060228 1
0.451593 11
0.036828 8
0.000126 54
0.000034 13
0.000886 144
0.000908 603
0.000032 23
0.000808 164
0.000033 96
0.000040 210
0.000025 70
0.000132 172
86.301942 6
0.001559 65
0.001264 116
1.049406 1
0.203503 1
0.095286 1
0.110119 1
0.167145 1
0.348758 1
0.116557 1
0.087659 1
0.117549 1
0.173045 1
0.487654 1
0.084679 1
0.135007 1
0.158441 1
0.220940 1
0.165529 1
0.231052 1
0.319981 1
0.701494 4
0.150009 4
0.140910 4
0.078386 1
0.015405 1
0.217440 1
0.382290 8
1.013651 1
0.195208 1
0.103351 1
0.076445 1
0.316532 4
0.143477 4
0.147162 4
0.349642 4
0.245095 1
0.111051 1
0.153947 1
0.039502 1
0.256924 11
0.051840 28
1.625707 2
0.131461 8
0.000157 67
0.000454 58
0.000501 40
0.000720 149
0.000182 477
0.000675 279
0.000281 292
0.000035 141
85.744629 22
5.328864 35
0.000830 29
0.000080 45
0.499811 64
0.028614 54
0.030638 54
0.030887 18
0.000155 36
0.030611 54
0.028781 54
0.030104 53
0.030178 52
0.030537 18
0.000036 33
0.029542 18
0.030347 18
0.029808 18
0.029672 18
0.029874 18
0.030415 18
0.029664 18
0.029255 18
0.030430 30
0.030094 18
0.030633 18
0.030478 18
0.549527 22
0.500598 22
0.029777 22
0.030031 22
0.029987 22
0.029821 22
0.030236 22
0.030094 23
0.030042 23
0.030173 23
0.030220 23
0.029950 23
0.029817 23
0.029800 23
0.030378 23
0.030189 23
0.030105 23
0.030062 23
0.030516 23
0.030296 18
0.030997 18
0.029391 18
0.030286 18
0.028932 18
0.029887 18
0.030271 18
0.029974 18
0.029861 18
0.261625 26
0.501332 21
0.029701 6
0.000088 15
0.030127 18
0.000031 3
0.030301 21
0.028794 21
0.030270 18
0.000164 3
0.030068 21
0.029826 6
0.000152 15
0.029379 6
0.000081 15
0.029923 19
0.000089 2
0.030244 18
0.000234 3
0.030591 21
0.029278 19
0.000031 2
0.031435 21
0.028821 21
0.030236 40
0.031053 21
0.029696 29
0.028962 18
0.000056 3
0.030604 21
0.029585 21
0.030246 19
0.000142 23
0.029687 21
0.029310 21
0.030413 19
0.000031 2
0.030568 22
0.029437 6
0.000327 20
0.031005 28
0.029976 19
0.000157 2
0.028799 21
0.030734 18
0.000080 22
0.028520 19
0.000073 2
0.031438 18
0.000132 15
0.030108 21
0.030779 21
0.029397 19
0.000031 2
0.030773 21
0.029104 18
0.000160 3
0.030411 21
0.029365 21
0.030476 42
0.030848 21
0.028991 21
0.030745 21
0.028973 18
0.000079 4
0.030538 6
0.000064 20
0.029377 30
0.030175 18
0.000069 3
0.029516 21
0.030088 21
0.031023 21
0.029670 18
0.000083 3
0.029658 40
0.029860 21
0.030046 22
0.030237 6
0.000390 20
0.029701 30
0.030212 21
0.029971 21
0.029803 21
0.030358 18
0.000068 3
0.029216 21
0.030412 21
0.029777 21
0.029982 22
0.029924 6
0.000298 15
0.030637 6
0.000073 20
0.029397 38
0.031582 21
0.029695 21
0.029917 21
0.029105 21
0.030671 21
0.029605 21
0.030354 21
0.029714 21
0.030401 21
0.028740 18
0.000071 3
0.030876 21
0.029327 18
0.000060 3
0.030171 21
0.031020 40
0.029939 21
0.029542 22
0.031020 6
0.000327 19
0.029450 29
0.031176 18
0.000056 3
0.029319 21
0.028838 21
0.030532 21
0.029983 21
0.029857 21
0.029550 22
0.030797 6
0.000387 15
0.029293 6
0.000341 20
0.029441 6
0.000191 15
0.029559 21
0.031436 6
0.000106 15
0.029282 21
0.030022 6
0.000080 15
0.029392 6
0.000054 15
0.031570 6
0.000032 15
0.030199 6
0.000115 15
0.029992 6
0.000066 15
0.029262 18
0.000109 3
0.029353 21
0.030169 18
0.000182 3
0.030357 21
0.030298 18
0.000130 22
0.028230 18
0.000056 3
0.030598 32
0.030443 21
0.030177 21
0.030172 21
0.028948 21
0.030873 21
0.030054 6
0.000087 15
0.030343 18
0.000105 24
0.029166 21
0.031278 21
0.029084 21
0.030012 22
0.029821 6
0.000289 20
0.030322 18
0.000197 3
0.029406 21
0.030248 21
0.031055 18
0.000244 3
0.028290 21
0.030457 40
0.030280 30
0.031372 43
0.027810 21
0.030775 21
0.030115 21
0.031192 21
0.029299 21
0.030368 22
0.029726 6
0.000274 20
0.028970 33
0.030457 21
0.029396 19
0.000065 2
0.030964 21
0.029333 19
0.000029 2
0.029992 21
0.030090 21
0.029994 21
0.030551 42
0.029244 21
0.030076 21
0.030150 21
0.030137 18
0.000145 4
0.030123 6
0.000327 19
0.029198 6
0.000028 15
0.030585 21
0.029889 21
0.029811 18
0.000095 3
0.029313 6
0.000067 54
0.031125 41
0.030535 18
0.000074 3
0.029568 21
0.029616 6
0.000093 15
0.030281 21
0.029450 6
0.000078 15
0.030705 21
0.029701 21
0.029807 6
0.000040 15
0.030246 21
0.029710 21
0.030797 19
0.000195 2
0.030044 21
0.029967 6
0.000077 15
0.029093 40
0.031097 30
0.029389 43
0.029684 21
0.029815 21
0.029512 18
0.000044 3
0.031472 19
0.000064 2
0.028662 21
0.031245 22
0.029981 6
0.000294 19
0.028909 6
0.000092 15
0.030256 6
0.000084 15
0.030308 21
0.030572 6
0.000054 15
0.029266 6
0.000053 15
0.029872 18
0.000079 3
0.030561 18
0.000170 3
0.029361 21
0.030825 6
0.000097 15
0.029542 6
0.000038 15
0.029185 6
0.000033 15
0.030800 21
0.029659 21
0.029483 6
0.000069 15
0.030153 6
0.000069 15
0.030155 6
0.000121 15
0.029366 6
0.000076 15
0.030502 6
0.000073 15
0.030213 6
0.000050 15
0.029236 66
0.031686 47
0.030119 21
0.030484 21
0.028638 6
0.000145 15
0.030143 21
0.029753 21
0.029790 21
0.029426 18
0.000086 3
0.031112 18
0.000106 3
0.029264 21
0.030645 21
0.030597 21
0.029783 21
0.029913 21
0.029622 21
0.029664 21
0.031004 18
0.000167 3
0.029614 21
0.030131 21
0.029527 21
0.030383 40
0.029869 30
0.030226 18
0.000050 25
0.029910 18
0.000088 3
0.030145 21
0.029827 21
0.030095 21
0.030882 6
0.000216 15
0.029542 22
0.028777 6
0.000227 19
0.030797 32
0.029583 18
0.000061 3
0.029795 18
0.000053 3
0.030988 21
0.030346 21
0.030743 21
0.029692 21
0.028984 42
0.030916 21
0.030004 18
0.000225 3
0.029223 21
0.029166 22
0.031601 25
0.029613 37
0.029078 21
0.031047 21
0.029047 21
0.030238 47
0.029747 30
0.030492 21
0.030373 21
0.029602 21
0.030699 21
0.030249 40
0.030554 30
0.029391 43
0.029842 21
0.030088 21
0.029335 21
0.029865 6
0.000053 15
0.030956 18
0.000070 3
0.028888 22
0.029969 6
0.000033 19
0.031067 30
0.029200 21
0.030172 19
0.000248 2
0.030264 21
0.030839 21
0.029779 18
0.000070 24
0.030427 21
0.029415 21
0.030012 21
0.029702 22
0.029554 6
0.000042 19
0.030860 18
0.000114 3
0.029868 21
0.029420 18
0.000245 3
0.030397 21
0.029143 6
0.000063 15
0.031580 21
0.029088 21
0.030053 21
0.030322 18
0.000077 3
0.029549 21
0.029978 21
0.030109 40
0.029899 21
0.030021 39
0.030472 21
0.030893 21
0.028263 21
0.030468 19
0.000095 2
0.030013 19
0.000035 2
0.030538 21
0.029658 21
0.030357 21
0.029272 18
0.000089 3
0.030414 18
0.000046 3
0.029898 21
0.030241 21
0.031570 21
0.028290 18
0.000057 24
0.031144 21
0.029428 21
0.029247 21
0.029703 18
0.000070 4
0.030514 6
0.000052 19
0.030090 6
0.000132 15
0.029872 6
0.000069 15
0.030375 18
0.000317 3
0.029980 6
0.000079 15
0.029640 6
0.000031 15
0.029615 6
0.000085 63
0.030401 50
0.029766 6
0.000195 15
0.030126 21
0.030065 18
0.000057 3
0.030016 18
0.000252 3
0.029632 21
0.029463 6
0.000032 15
0.030242 6
0.000055 15
0.030279 6
0.000070 15
0.029653 19
0.000134 2
0.030336 21
0.029668 21
0.030609 18
0.000207 3
0.029307 18
0.000030 3
0.029975 18
0.000209 3
0.030114 18
0.000181 3
0.029639 21
0.030494 21
0.030072 21
0.029140 21
0.031307 21
0.029900 21
0.030328 40
0.030026 21
0.028632 30
0.030584 21
0.030556 21
0.029389 21
0.031132 21
0.028912 42
0.030742 21
0.030065 21
0.029862 21
0.030041 22
0.029581 25
0.030609 33
0.029504 21
0.030542 21
0.030401 21
0.029452 21
0.030069 21
0.030432 21
0.029225 21
0.031278 21
0.028239 40
0.030215 21
0.030364 22
0.030597 18
0.029553 18
0.029038 18
0.031663 18
0.030735 18
0.029396 18
0.029595 18
0.030235 18
0.030342 18
0.029663 18
0.765354 6
0.030575 272
0.000032 591
0.000104 174
0.000049 50
2.102031 26
1.307305 250
1.481432 177
0.000068 108
0.000056 72
0.850868 6
0.000677 45
0.004907 64
0.000104 6
0.000288 61
0.005687 116
30.675035 55
0.764705 175
0.524682 195
0.005955 116
4.206049 60
0.686242 180
0.939672 241
0.022002 116
41.066082 1
0.124629 1
0.090330 1
0.125887 1
0.150029 1
0.716194 1
0.160570 1
0.124157 1
0.241933 1
0.119152 1
0.125366 1
0.215738 1
0.344496 1
0.451682 1
0.130376 1
0.102920 1
0.201679 1
0.039696 1
0.385625 4
0.120601 4
0.194435 1
0.099392 1
0.035671 1
0.120345 1
0.121393 1
0.190378 1
0.118405 1
0.070925 1
0.169960 1
0.230748 11
94.408607 48
0.016387 116
21.413231 43
1.631629 79
0.039248 37
0.028500 22
0.026197 22
0.026159 45
0.081882 60
0.033997 61
0.038106 62
0.082939 29
0.156744 25
0.056166 23
6.497608 28
0.003201 65
0.000264 130
0.051506 372
0.083159 240
0.000522 25
0.143029 201
0.000258 270
0.000081 379
0.000086 181
0.010801 116
3.741367 55
0.658586 160
1.438764 189
0.000130 153
0.000031 226
0.000050 42
0.000079 45
0.000033 172
0.000135 209
0.006857 116
15.841089 60
1.333255 180
0.870879 173
0.106660 177
0.106856 177
0.106066 177
0.107074 177
0.107054 177
0.105826 177
0.107110 177
0.100774 177
0.098945 177
0.100384 177
0.099221 177
0.099741 177
0.099497 177
0.099819 177
0.099756 177
0.099874 177
0.099285 177
0.099751 177
0.099895 177
0.099206 177
0.100294 177
0.099546 177
0.098814 177
0.100294 177
0.099287 177
0.100161 177
0.099077 177
0.099435 177
0.100182 177
0.098964 26
0.000046 151
0.100401 177
0.099469 177
0.100071 177
0.099102 177
0.100164 177
0.099427 177
0.099845 177
0.099260 177
0.100109 177
0.099317 177
0.098971 177
0.100497 177
0.099850 177
0.099259 177
0.099430 177
0.100032 26
0.000069 151
0.099644 177
0.098873 177
0.100044 177
0.099878 177
0.099348 177
0.099842 177
0.099284 177
0.099958 177
0.099161 177
0.100104 177
0.099897 171
0.000060 6
0.099118 177
0.100072 177
0.098710 196
0.100017 196
0.100080 196
0.106924 196
0.108385 196
0.109267 196
0.108555 196
0.109758 26
0.000086 170
0.109116 196
0.108755 196
0.109162 196
0.108924 196
0.109470 196
0.108737 196
0.109230 196
0.108770 196
0.108962 196
0.109509 26
0.000054 170
0.108919 196
0.108976 196
0.109604 196
0.108803 196
0.109738 196
0.108286 196
0.109744 26
0.000062 170
0.109036 196
0.108885 26
0.000075 170
0.108594 26
0.000034 170
0.109024 196
0.109125 196
0.109498 196
0.108702 196
0.109650 196
0.108367 26
0.000059 170
0.109478 196
0.108458 26
0.000033 170
0.110213 196
0.108607 196
0.108573 196
0.110162 26
0.000057 170
0.108250 196
0.109236 196
0.109383 196
0.108239 14
0.000300 182
0.109094 196
0.109697 196
0.109002 196
0.108553 196
0.109193 196
0.108629 196
0.109677 196
0.109333 196
0.109119 196
0.108804 26
0.000056 170
0.107349 26
0.000087 170
0.099500 196
0.100509 26
0.000056 170
0.100483 26
0.000059 170
0.099302 196
0.100223 196
0.100270 26
0.000061 170
0.099768 196
0.099334 196
0.100246 26
0.000064 170
0.100621 196
0.099962 26
0.000067 170
0.099648 196
0.100049 196
0.100272 196
0.099650 196
0.100187 196
0.099144 26
0.000039 172
0.101007 198
0.099342 198
0.100657 198
0.099195 198
0.100500 198
0.099794 26
0.000055 172
0.100129 26
0.000056 172
0.099814 198
0.100352 192
0.000035 6
0.099727 198
0.099919 198
0.106100 26
0.000056 172
0.108561 26
0.000096 172
0.109184 198
0.109453 198
0.108595 198
0.109025 26
0.000087 172
0.109569 26
0.000161 172
0.108877 26
0.000138 172
0.108291 26
0.000062 172
0.109152 198
0.109147 198
0.109514 198
0.108727 192
0.000062 6
0.109111 26
0.000032 172
0.109504 198
0.108453 14
0.000071 12
0.000224 172
0.108775 198
0.109285 198
0.108959 198
0.109438 192
0.000055 6
0.108713 198
0.109097 26
0.000225 172
0.108768 198
0.114482 198
0.149524 198
0.064193 198
0.108659 198
0.108622 26
0.000109 172
0.109079 198
0.109257 26
0.000033 172
0.108838 26
0.000054 172
0.108963 198
0.109689 198
0.108309 198
0.109661 198
0.109353 198
0.108232 198
0.109976 198
0.108972 198
0.109274 198
0.108398 198
0.109619 198
0.108299 198
0.109955 198
0.108501 198
0.109202 198
0.109915 198
0.108095 198
0.109603 198
0.108327 26
0.000090 172
0.109901 198
0.108594 198
0.101291 198
0.100054 198
0.099991 198
0.099856 192
0.000057 6
0.099649 198
0.100306 198
0.100193 26
0.000210 172
0.099185 198
0.100336 198
0.100753 198
0.099964 198
0.100028 198
0.099588 198
0.099825 198
0.099920 198
0.099837 198
0.099980 198
0.100041 198
0.100271 198
0.099712 26
0.000033 172
0.100190 26
0.000051 172
0.099910 198
0.099786 198
0.100247 26
0.000141 172
0.099935 198
0.099767 198
0.100638 198
0.099494 198
0.101977 198
0.103749 198
0.103549 198
0.102846 198
0.103318 198
0.104319 198
0.102921 26
0.000032 172
0.103472 198
0.103984 198
0.103205 198
0.103183 198
0.103792 198
0.103292 198
1.187641 198
0.000128 1980
0.053981 198
0.103196 192
0.000055 6
0.103273 26
0.001637 172
0.101379 26
0.000107 172
0.104123 198
0.103240 198
0.103536 198
0.103358 198
0.103345 198
0.103282 198
0.103831 198
0.103899 198
0.103357 26
0.000094 172
0.102841 198
0.103757 198
0.103820 198
0.102695 198
0.103969 198
0.102749 198
0.104199 198
0.103189 198
0.103288 198
0.103506 198
0.103445 198
0.103309 198
0.104114 198
0.103108 198
0.103459 198
0.103089 198
0.103421 198
0.103739 198
0.104019 198
0.103226 198
0.103428 198
0.103128 198
0.103665 198
0.103813 198
0.103365 198
0.102783 198
0.103634 198
0.104086 26
0.000030 172
0.102788 198
0.104057 192
0.000171 6
0.103046 198
0.103153 198
0.101902 198
0.100169 198
0.100124 198
0.099863 198
0.099816 198
0.099609 198
0.100541 198
0.099094 198
0.100092 198
0.100476 198
0.100522 198
0.101369 198
0.104377 26
0.000029 172
0.104611 198
0.104773 198
0.104361 198
0.103944 198
0.104326 198
0.105027 26
0.000062 172
0.103483 198
0.104517 198
0.104554 198
0.104667 198
0.104454 198
0.103834 198
0.104803 198
0.104424 198
0.103946 198
0.104462 198
0.104587 198
0.104551 198
0.104434 198
0.104186 26
0.000155 172
0.104310 198
0.104273 192
0.000051 6
0.104220 198
0.104344 198
0.105238 26
0.000069 172
0.104223 198
0.104161 198
0.104877 26
0.000071 172
0.104279 198
0.104003 198
0.104897 198
0.103685 198
0.104806 190
0.000052 8
0.104079 198
0.104094 198
0.105282 26
0.000049 172
0.103945 198
0.104167 198
0.104465 198
0.104654 198
0.104180 26
0.000089 172
0.104172 198
0.104443 198
0.104442 198
0.104870 198
0.103590 198
0.104906 26
0.000033 172
0.103863 198
0.105390 198
0.103700 198
0.104174 198
0.104789 198
0.104396 198
0.104327 26
0.000052 172
0.104981 198
0.103630 198
0.104818 198
0.104714 198
0.103735 198
0.105165 198
0.103478 198
0.187484 198
0.018090 198
0.099891 198
0.099942 198
0.101225 198
0.099777 26
0.000032 172
0.099554 198
0.100324 198
0.099556 14
0.000032 184
0.100153 26
0.000051 172
0.099769 198
0.099983 198
0.100473 26
0.000031 172
0.099611 198
0.099489 26
0.000102 172
0.100563 198
0.100270 26
0.000167 172
0.099757 198
0.100744 24
0.000082 2
0.000037 172
0.100472 26
0.000070 172
0.100345 26
0.000037 172
0.100074 198
0.100915 198
0.101047 198
0.100351 198
0.101088 198
0.099860 198
0.100957 198
0.101209 198
0.100462 198
0.100065 192
0.000062 6
0.101270 198
0.099815 198
0.101166 198
0.100768 198
0.100086 198
0.101479 192
0.000057 6
0.100150 198
0.100463 198
0.101109 198
0.100200 198
0.100939 198
0.100945 198
0.099912 26
0.000063 172
0.100921 198
0.100761 198
0.100444 198
0.101218 198
0.100306 198
0.100708 198
0.100557 198
0.100861 198
0.100162 198
0.100620 198
0.100892 198
0.100697 198
0.100598 198
0.100827 198
0.100122 198
0.100802 198
0.582919 26
0.000104 964
0.021261 198
0.100077 26
0.000054 172
0.100922 198
0.100726 198
0.100097 26
0.000084 172
0.101012 198
0.100125 26
0.000035 172
0.100948 192
0.000034 6
0.100594 198
0.100704 26
0.000066 172
0.100630 198
0.100312 198
0.100697 198
0.100375 26
0.000134 172
0.100632 198
0.101390 26
0.000064 172
0.100275 198
0.100130 198
0.101435 198
0.100642 198
0.100683 198
0.099728 198
0.101284 192
0.000061 6
0.100320 26
0.000048 172
0.100690 198
0.100647 198
0.100189 192
0.000032 6
0.100800 198
0.101102 198
0.100935 192
0.000057 6
0.100491 26
0.000069 172
0.100745 198
0.097844 198
0.092059 198
0.092562 26
0.000069 172
0.091381 198
0.093229 198
0.091988 198
0.092631 198
0.092319 198
0.092066 198
0.097069 198
0.087354 198
0.092620 198
0.095741 198
1.589236 198
0.000112 3168
0.068887 26
0.000072 172
0.091474 198
0.092824 198
0.092486 198
0.091944 198
0.092865 198
0.091334 198
0.092749 198
0.093605 198
0.090853 198
0.092092 198
0.092600 198
0.092546 198
0.092582 198
0.091829 26
0.000059 172
0.091814 198
0.093238 198
0.097174 198
0.086618 198
0.094325 198
0.090816 26
0.000259 172
0.091741 26
0.000031 172
0.093327 198
0.096353 26
0.000057 172
0.086954 198
0.092255 26
0.000328 172
0.091881 198
0.092432 198
0.092280 198
0.098022 198
0.087515 198
0.092047 198
0.097137 198
0.087309 198
0.095994 198
0.830986 198
0.000094 1386
0.069401 198
0.099971 26
0.000139 172
0.100279 26
0.000100 172
0.099734 26
0.000043 172
0.099364 198
0.100816 26
0.000063 172
0.099111 26
0.000031 172
0.100493 26
0.000034 172
0.105175 198
0.105935 198
0.106031 26
0.000060 172
0.106335 26
0.000060 172
0.105571 198
0.106406 198
0.105882 198
0.106274 198
0.105560 26
0.000053 172
0.105846 198
0.106227 198
0.106045 198
0.106074 26
0.000113 172
0.106084 198
0.105821 198
0.106404 26
0.000253 172
0.105395 198
0.106580 198
0.105789 198
0.105911 198
0.106157 198
0.106601 198
0.105522 198
0.106000 198
0.106253 26
0.000040 172
0.105642 198
0.106010 198
0.106427 26
0.000088 172
0.105832 198
0.105954 198
0.105963 198
0.106605 198
0.105393 198
0.106298 26
0.000075 172
0.106095 26
0.000147 172
0.105336 26
0.000140 172
0.106409 198
0.106080 198
0.105763 192
0.000079 6
0.105633 198
0.106526 198
0.105685 198
0.106247 198
0.157366 26
0.000093 172
0.055108 198
0.105856 26
0.000148 172
0.106036 198
0.106064 26
0.000038 172
0.105051 198
0.106348 26
0.000051 172
0.106725 198
0.105700 26
0.000030 172
0.105884 198
0.105496 26
0.000033 172
0.106317 198
0.106558 198
0.105503 198
0.105724 198
0.115225 198
0.097352 198
0.105761 26
0.000139 172
0.105919 26
0.000037 172
0.105978 198
0.105909 198
0.106269 198
0.106054 198
0.106692 26
0.000062 172
0.105374 198
0.106303 198
0.105508 198
0.105889 198
0.106155 198
0.107108 198
0.105631 26
0.000078 172
0.105477 198
0.106174 198
0.106166 198
0.105572 198
0.106697 198
0.105655 198
0.108928 192
0.000066 6
0.108352 198
0.110159 198
0.108020 198
0.109467 198
0.109691 198
0.108131 198
0.110079 198
0.108649 26
0.000224 172
0.108590 198
0.109206 198
0.109738 198
0.108099 26
0.000122 172
0.109433 198
0.108592 26
0.000252 172
0.109696 198
0.108908 198
0.108998 198
0.108615 198
0.109334 26
0.000071 172
0.108695 198
0.109409 198
0.109631 198
0.109117 198
0.109130 26
0.000113 172
0.107970 26
0.000195 172
0.109234 26
0.000043 172
0.109467 198
0.108648 198
0.109795 198
0.109056 198
0.108835 198
0.108567 198
0.109762 198
0.108591 198
0.108754 198
0.109889 26
0.000175 172
0.108135 26
0.000033 172
0.109855 192
0.000030 6
0.109255 198
0.109133 198
0.108125 198
0.109160 198
0.110001 198
0.108004 198
0.109185 198
0.108990 198
0.109712 198
0.108426 26
0.000104 172
0.109993 198
0.108324 198
0.109921 198
0.108893 198
0.109350 198
0.108899 198
0.109383 198
0.109206 198
0.108940 198
0.108736 198
0.109285 198
0.108424 198
0.109382 198
0.109768 198
0.108880 198
0.109123 198
0.108163 198
0.109452 198
0.109752 198
0.108677 198
0.109148 198
0.109133 198
0.108873 26
0.000056 172
0.108586 198
0.109798 198
0.109168 198
0.108663 198
0.109559 198
0.108697 198
0.109112 198
0.109367 198
0.104397 198
0.103996 198
0.103134 198
0.103157 198
0.103987 26
0.000134 172
0.102511 198
0.104067 198
0.102803 198
0.103800 26
0.000056 172
0.103003 198
0.104009 26
0.000033 172
0.102466 198
0.103551 198
0.103810 26
0.000094 172
0.103232 198
0.103577 26
0.000095 172
0.103488 198
0.102820 198
0.104190 198
0.103239 198
0.102980 198
0.103970 198
0.103541 198
0.102666 198
0.104051 198
0.103215 198
0.103498 198
0.102928 198
0.103063 198
0.103892 26
0.000071 172
0.103448 198
0.103920 198
0.102346 26
0.000077 166
0.000063 6
0.104331 198
0.103025 26
0.000219 172
0.103144 26
0.000062 172
0.103932 198
0.102605 26
0.000071 172
0.103441 198
0.103657 198
0.102720 198
0.103886 198
0.103270 198
0.103696 198
0.103099 198
0.103489 198
0.103369 198
0.103521 198
0.103590 198
0.103408 26
0.000064 172
0.103190 198
0.103331 192
0.000060 6
0.104009 26
0.000091 172
0.102263 198
0.104186 26
0.000033 172
0.102956 198
0.103722 198
0.103179 26
0.000159 172
0.103769 198
0.103173 26
0.000053 172
0.103516 198
0.103255 198
0.103590 198
0.103154 198
0.102818 26
0.000098 172
0.103718 26
0.000066 172
0.103486 198
0.103048 198
0.103852 198
0.103984 198
0.102642 198
0.104026 198
0.103254 198
0.103534 198
0.100109 192
0.000059 6
0.099115 331
0.100220 789
0.000069 6
0.100733 795
0.099306 795
0.100397 795
0.100558 795
0.099435 795
0.100537 28
0.000112 767
0.100468 644
0.000064 151
0.099641 644
0.000076 151
0.100493 28
0.000058 767
0.100670 795
0.064001 644
0.000086 160
0.013699 116
83.071260 47
0.846659 87
0.428722 226
0.000436 2951
0.000866 413
0.000033 171
0.012030 116
359.472702 1
0.103597 1
0.081548 1
0.079105 1
0.135006 1
1.547983 1
0.230807 1
0.154673 1
0.124908 1
0.856064 4
0.151048 4
0.149015 4
0.113302 1
0.591138 1
0.411203 1
0.600512 1
0.069120 1
0.318512 1
0.331024 1
0.069970 1
0.692211 11
0.006833 8
0.000188 61
0.000058 6
0.000629 56
0.000843 626
0.000102 17
1.730285 6
0.000932 8
0.217009 29
0.000906 349
0.000112 471
0.000101 451
0.000049 183
3.683630 6
0.000074 244
1.096308 6
0.000075 255
0.000039 30
0.000086 56
0.315003 6
0.000252 45
0.012343 71
0.000343 9
0.000109 52
0.001408 116
1.849514 4
0.344290 4
0.136445 5
0.310175 1
0.083520 1
0.085238 1
0.070950 1
0.369950 4
0.146838 4
0.150003 4
0.164231 1
0.004451 4
0.446216 4
0.151388 1
0.279331 1
0.314764 4
0.085860 1
0.149793 1
0.365615 1
0.144895 11
0.000078 6
