0.037390 124
4.270706 1
0.153578 1
0.210860 1
0.616085 1
0.250306 1
0.411655 11
0.008041 786
0.000766 124
5.454383 1
0.195653 1
0.109003 1
0.111922 1
0.114236 1
0.127366 1
0.228689 1
0.255033 1
0.150461 1
0.367402 11
0.501236 195
0.005803 124
3.657880 1
0.044985 1
0.551329 1
0.124221 1
0.166658 1
0.179306 11
0.000331 102
3.720989 1
0.070902 1
0.440143 1
0.700914 4
0.170997 4
0.134253 4
4.056912 1
0.070752 1
0.220275 1
1.607378 4
0.169485 11
0.004373 384
0.000762 102
1.221807 1
0.060389 1
95.043556 4
0.168976 4
0.600503 1
0.069795 1
0.189510 1
0.181471 1
0.164515 1
0.084271 1
0.983299 4
0.179577 4
0.146682 4
0.370183 1
0.135664 1
0.103477 1
0.310549 1
0.135915 1
0.103847 1
0.121124 11
0.456524 195
0.010946 102
36.164852 1
0.060780 1
0.130264 1
0.131203 1
0.199209 1
0.131957 1
0.494039 1
0.420935 1
0.136100 1
0.179598 11
0.482091 195
0.006648 102
29.534182 1
0.169397 1
0.240391 1
0.170754 1
0.351087 4
0.152187 4
0.177334 4
0.120808 4
0.085595 1
0.140364 1
0.094293 1
0.126664 1
0.189528 1
1.432678 1
0.495027 1
0.250041 1
1.372714 11
0.023961 28
2.254918 2
0.196110 102
32.726926 1
0.279445 4
0.064920 1
0.056148 1
0.150069 1
0.500637 1
0.159639 1
0.160484 1
0.129702 1
0.256681 4
0.139611 4
0.160695 4
0.076207 1
0.178971 1
0.098620 1
1.104087 1
0.450022 1
0.436018 11
0.000262 116
1.808328 1
0.059510 1
0.540818 1
0.216298 1
0.110725 1
0.113053 1
0.221601 11
0.003998 15
0.000034 472
0.000788 116
9.578391 46
0.816139 171
0.147878 12
0.003859 116
3.203757 2
0.000258 37
0.000528 13
1.895152 31
0.017917 116
0.000058 2
0.043134 4
0.016419 1
0.029459 1
0.031345 1
0.029959 1
0.028913 1
0.030752 1
0.030995 1
0.029539 1
0.029445 1
0.031375 1
0.029479 1
0.029065 1
0.030168 1
0.030074 1
0.030253 1
0.029981 1
0.030497 1
0.029819 1
0.145276 1
1.586442 46
0.942112 158
0.526274 1
0.251388 133
0.000063 247
1.126312 125
0.892752 222
0.830506 1
0.174513 1
0.170514 1
0.170375 1
0.801871 13
0.711394 9
0.426170 12
0.021301 12
0.003562 116
12.783754 1
0.129540 1
0.065010 1
0.100012 1
0.160340 1
0.271177 1
0.295451 1
0.175559 1
0.150508 11
0.047045 285
0.039662 116
25.087078 1
0.168277 1
0.094983 1
0.119949 1
0.215720 1
0.370413 4
0.169928 1
0.110545 1
0.075384 1
0.100895 1
0.259521 1
0.084636 1
0.116421 1
0.103674 1
0.433279 1
0.485050 1
0.113926 1
0.086095 1
0.295550 4
0.066424 1
0.164320 1
0.085722 1
0.100170 1
0.274210 1
0.195935 1
0.201052 1
0.084415 1
0.110223 1
0.160546 1
0.184889 11
3.136770 116
1.758282 1
0.103870 1
0.083046 1
0.233222 1
0.264898 1
0.096834 1
0.302023 1
0.188069 1
0.069489 1
0.145528 2
0.000032 9
0.624341 72
0.006302 116
24.991355 1
0.159946 1
0.166096 1
0.135466 1
0.098888 1
0.110626 1
0.149804 1
0.241652 1
0.103457 1
0.186295 1
0.275468 1
0.074393 1
0.265521 11
0.442979 72
0.011130 116
39.354528 60
0.670950 171
0.000032 9
0.015759 58
0.016113 116
72.345889 1
0.535210 1
0.505240 1
0.276234 4
0.089557 1
0.135489 1
0.095102 1
0.091837 1
0.248717 1
0.145496 1
0.084203 1
0.161576 1
0.159962 1
0.163939 1
0.281925 1
0.100911 1
0.269907 2
0.000032 9
1.355376 3131
0.016548 116
58.320312 113
25.236610 1
0.069255 1
0.175746 1
0.154697 1
0.135024 1
0.155595 11
0.000296 102
0.631700 1
0.079535 1
0.250305 1
0.391015 1
0.165419 1
0.205535 1
0.460738 4
0.125749 4
0.083408 1
0.176770 1
0.054867 1
0.220715 1
0.115091 1
0.465229 11
0.000240 116
1.412957 1
0.084666 1
0.596418 11
0.005875 64
0.000692 116
5.048276 1
0.059927 1
0.255232 1
0.330727 1
0.090438 1
0.103963 1
0.161177 1
0.620976 1
0.276144 1
0.155019 1
0.211023 4
0.195615 4
0.209940 1
0.220892 1
0.195816 1
0.174215 1
0.130310 11
0.000210 136
0.500968 1
0.310777 4
0.200555 1
0.120005 1
0.160960 11
0.003743 102
0.000793 136
25.914037 1
0.018495 1
0.530205 1
0.271365 1
0.220124 1
0.155574 1
0.129949 1
0.174859 1
0.166142 11
0.000164 148
0.776650 1
0.034063 1
0.155193 11
0.003417 14
0.000678 148
6.097581 1
0.189994 1
0.186342 1
0.340076 1
0.360625 1
0.088394 1
0.161862 1
0.129924 1
0.030978 1
0.134087 1
0.066150 1
0.956884 1
0.175786 1
0.360660 1
0.336480 1
0.333776 1
0.176386 1
0.150078 1
0.100715 1
0.254875 11
0.013042 49
0.000637 148
2.880922 1
0.059813 1
0.185917 1
0.180166 1
0.144946 1
0.179412 11
0.000324 136
1.267369 5
0.169909 22
0.436167 11
0.003687 672
0.000759 136
28.032856 1
0.048801 1
0.427325 11
0.000279 90
0.484555 1
0.064501 1
2.175773 1
0.796664 1
0.139269 1
0.385883 1
0.210412 1
0.239874 1
0.228171 1
0.181984 1
0.311701 1
0.310985 1
0.195598 1
0.169300 1
0.070644 1
0.345696 1
0.148969 1
0.215739 11
0.000244 116
0.591027 1
0.064488 1
0.079106 1
0.296066 1
0.186976 1
0.100365 1
0.215326 11
0.004163 11
0.000085 335
0.000901 116
1.908280 1
0.049367 1
0.192668 1
0.298105 1
0.105370 1
0.100902 1
0.154498 1
0.600861 1
0.074017 1
0.118389 1
0.193416 1
0.181853 1
0.102685 2
0.000071 9
0.000344 136
0.883139 1
0.069837 1
0.135511 1
0.200099 1
0.161803 1
0.123409 1
0.274419 11
0.004209 10
0.000169 556
0.000808 136
44.352270 38
0.631339 60
0.000226 9
0.025549 136
2.977409 76
0.628380 192
0.030091 166
0.003406 136
14.129887 156
0.662359 263
1.151989 144
0.097657 26
0.000054 372
0.097989 398
0.096926 523
0.098226 523
0.098168 648
0.097067 657
0.097459 648
0.098537 648
0.097636 648
0.097396 648
0.097205 648
0.098397 648
0.097408 648
0.099370 648
0.097278 648
0.097594 648
0.096780 276
0.000068 372
0.097258 648
0.098158 648
0.098424 648
0.097229 648
0.099188 648
0.096384 648
0.099144 642
0.000084 6
0.097445 648
0.098050 648
0.096056 648
0.099826 648
0.097109 648
0.097680 648
0.096615 648
0.097648 648
0.098017 648
0.097246 648
0.099967 26
0.000130 622
0.095806 648
0.097127 648
0.098066 648
0.097261 648
0.098352 648
0.097054 14
0.000163 634
0.097521 151
0.000052 497
0.098235 648
0.097692 26
0.000044 622
0.099537 648
0.096315 648
0.096895 648
0.098313 648
0.097534 276
0.000086 372
0.098095 392
0.000069 256
0.098443 648
0.096332 648
0.098326 648
0.097817 648
0.097220 648
0.097334 648
0.098286 648
0.097250 648
0.098004 648
0.098577 648
0.097606 648
0.097804 648
0.097508 648
0.099399 648
0.097460 517
0.000090 131
0.097401 648
0.096464 151
0.000037 497
0.097111 648
0.098712 151
0.000402 497
0.097293 26
0.000103 622
0.097166 648
0.098255 648
0.097181 648
0.098270 648
0.012315 657
0.013016 136
6.885608 1
0.179258 1
0.103931 1
0.125804 1
0.079530 1
0.100615 1
0.136625 1
0.194515 1
0.090761 1
0.144456 11
0.500529 111
0.000035 219
0.000028 47
0.000063 108
0.000021 20
0.000069 125
0.006710 136
31.502336 1
0.028702 1
0.211249 1
0.189626 1
0.160422 1
0.165484 2
0.000067 9
0.000320 116
0.515311 1
0.075191 1
0.521133 1
0.149698 1
0.431776 4
0.139675 4
0.099451 1
0.211859 1
0.159314 1
0.171960 11
0.000145 102
0.419159 1
0.044862 1
0.256806 1
0.264324 1
0.180887 1
0.164956 1
0.079127 1
0.316513 1
0.149849 1
0.164980 11
0.000206 116
2.279718 1
0.113493 1
0.090849 1
0.100465 1
0.138382 1
0.227527 1
0.103835 1
0.130227 1
0.146689 1
0.215904 1
0.625490 1
0.094979 1
0.140787 1
0.189310 1
0.081694 1
0.078104 1
0.056746 1
0.410823 1
0.470963 1
0.349301 4
0.251545 1
0.079805 1
0.109622 1
0.146729 1
1.000671 1
0.084942 1
0.415512 1
0.435819 1
0.185024 1
0.131068 1
0.074318 1
0.531271 11
0.048405 8
0.000270 67
0.000330 56
0.000747 499
4.172139 6
0.000797 8
0.010677 28
0.001175 472
0.000164 466
1.095614 19
0.925689 6
0.000463 106
0.500648 6
0.000111 40
0.029261 6
0.000152 40
0.030895 6
0.000152 40
0.029118 6
0.000122 40
0.029483 6
0.000124 40
0.030390 6
0.000134 40
0.029960 46
0.030086 6
0.000201 40
0.030058 6
0.000133 40
0.030532 6
0.000139 40
0.029510 46
0.030116 46
0.030244 18
0.000029 28
0.029406 6
0.000235 39
0.031003 42
0.029751 6
0.000153 106
0.029576 6
0.000088 94
0.029183 6
0.000044 36
0.030186 18
0.000054 24
0.030639 41
0.030316 40
0.029745 6
0.000223 101
0.028707 6
0.000491 121
0.029710 6
0.000054 18
0.029847 6
0.000242 18
0.030473 6
0.000131 18
1.036130 21
0.501240 21
0.030031 21
0.029386 21
0.030530 21
0.031105 21
0.029822 21
0.029826 21
0.032830 21
0.026647 21
0.029820 21
0.029907 21
0.030417 21
0.029928 21
0.030336 21
0.029745 21
0.030334 23
0.030841 23
0.029095 21
0.030300 23
0.029846 23
0.030403 23
0.029826 21
0.029738 23
0.030435 23
0.029869 21
0.029915 21
0.030437 23
0.029261 18
0.000126 5
0.030356 21
0.030250 18
0.000135 5
0.029559 23
0.030094 21
0.030155 21
0.030167 21
0.029864 24
0.030659 18
0.260207 26
0.270084 6
0.000402 15
0.500456 6
0.000137 15
0.032330 6
0.000134 15
0.028545 6
0.000158 17
0.030003 6
0.000157 17
0.030104 6
0.000260 15
0.028676 6
0.000198 17
0.030191 6
0.000127 17
0.030644 6
0.000114 15
0.029317 6
0.000050 15
0.030071 23
0.030102 6
0.000066 17
0.031156 6
0.000032 15
0.028469 6
0.000138 17
0.029909 6
0.000152 17
0.029607 6
0.000232 17
0.030072 6
0.000180 15
0.029993 6
0.000133 17
0.030500 6
0.000130 17
0.029554 6
0.000074 15
0.030564 21
0.029340 6
0.000111 15
0.030146 6
0.000184 15
0.029142 6
0.000165 15
0.029925 6
0.000141 15
0.030002 6
0.000147 15
0.030203 6
0.000055 15
0.029959 6
0.000128 15
0.030007 6
0.000324 15
0.331326 221
1.502591 6
0.000168 61
0.003832 116
436.517866 29
0.797471 2
0.000102 9
0.026130 8
0.000112 67
0.000409 56
0.001011 482
0.000153 17
2.520722 6
0.000352 8
0.009079 28
0.001006 340
0.000184 367
1.278449 107
0.650907 221
1.131337 255
0.000080 96
1.983916 19
1.847661 19
0.431271 19
1.585564 6
0.000099 37
0.004668 69
0.000180 61
0.004103 116
94.190332 62
0.644922 182
0.987778 144
0.097203 148
0.097476 148
0.098218 148
0.097781 148
0.097588 148
0.098273 148
0.098236 148
0.096061 148
0.096929 148
0.099444 148
0.097251 148
0.097969 148
0.097536 148
0.097312 148
0.097531 148
0.096763 148
0.098325 148
0.097048 148
0.098191 148
0.096857 148
0.097202 148
0.098914 148
0.096941 148
0.098940 148
0.096675 148
0.097489 148
0.096684 148
0.097917 142
0.000071 6
0.097802 148
0.098112 148
0.096655 148
0.098599 148
0.097088 148
0.098573 148
0.097731 148
0.096477 173
0.097983 173
0.097559 173
0.097598 173
0.097732 173
0.096846 173
0.097829 173
0.097763 173
0.098160 173
0.097444 173
0.097959 173
0.097210 173
0.097443 173
0.097930 173
0.097739 173
0.097735 173
0.097544 173
0.097469 26
0.000104 147
0.097344 14
0.000076 159
0.097740 26
0.000062 147
0.097034 173
0.098109 173
0.097735 173
0.098126 173
0.097122 173
0.098320 173
0.097460 173
0.097424 173
0.097294 173
0.097572 173
0.098341 173
0.096684 173
0.097617 173
0.097543 173
0.097715 173
0.097107 173
0.098246 26
0.000042 147
0.096992 173
0.097973 176
0.096930 176
0.098305 27
0.000041 149
0.096788 176
0.098310 176
0.097583 176
0.096988 178
0.097606 178
0.097591 178
0.097570 178
0.097766 178
0.098263 178
0.097710 178
0.096776 178
0.098534 178
0.097021 178
0.098823 178
0.096655 178
0.097710 178
0.096981 178
0.097892 178
0.097637 178
0.098005 178
0.098291 27
0.000035 151
0.097318 178
0.096988 178
0.098334 27
0.000117 151
0.097076 178
0.096847 178
0.098926 178
0.096163 178
0.098760 178
0.097459 27
0.000101 151
0.096477 27
0.000056 151
0.098497 27
0.000063 151
0.097130 178
0.098316 178
0.097826 178
0.096265 178
0.098887 178
0.096566 27
0.000178 151
0.097900 178
0.096998 178
0.097921 178
0.098501 178
0.097850 178
0.096947 178
0.096858 178
0.097531 178
0.097653 178
0.097951 178
0.097885 178
0.096897 27
0.000082 151
0.098387 178
0.096713 178
0.098153 178
0.098056 178
0.098428 178
0.097648 178
0.096645 178
0.098604 178
0.095950 178
0.097929 178
0.098037 178
0.096922 27
0.000037 151
0.098451 178
0.097385 178
0.097369 178
0.097925 178
0.097254 178
0.098146 178
0.096522 178
0.097584 178
0.098176 178
0.097610 178
0.097489 27
0.000091 151
0.097557 178
0.098079 178
0.097406 178
0.097447 27
0.000077 151
0.097389 178
0.098123 178
0.097258 178
0.097949 178
0.097690 178
0.097317 179
0.097827 159
0.097313 153
0.000051 245
0.099225 398
0.096159 398
0.097157 398
0.098384 398
0.097093 398
0.096923 398
0.015603 407
0.012855 116
75.911292 35
0.775254 63
0.690030 267
0.007800 116
425.979107 1
0.020187 1
0.580733 1
0.260979 1
0.180414 1
0.360872 11
0.000341 102
0.263764 1
0.095045 1
0.300269 1
0.126103 1
0.310293 1
0.199826 1
0.124642 1
0.252351 1
0.189329 1
0.270050 11
0.000242 116
0.477594 1
0.112062 1
0.106891 1
0.130771 1
0.190229 1
0.331690 1
0.123880 1
0.113551 1
0.127627 1
0.158600 1
0.341098 1
0.521372 1
0.090204 1
0.119258 1
0.256868 1
0.373679 1
0.095078 1
0.111710 1
0.254699 1
0.176203 1
0.810968 1
0.316017 1
0.159184 1
0.175154 1
0.375401 1
0.337094 1
0.268674 1
0.320309 1
0.196177 1
0.551387 1
0.200336 1
0.427195 1
0.187699 1
0.134877 1
0.642150 1
0.229833 1
0.100133 1
0.215805 1
0.493010 1
0.438252 11
0.067231 8
0.000309 67
0.000497 110
0.000873 155
0.000079 344
21.716242 71
0.004198 116
1.697500 1
0.050171 1
0.185667 11
0.014220 64
0.000563 116
3.585787 1
0.029554 1
0.241180 1
0.859618 1
0.100227 1
0.118012 1
0.237864 1
0.686732 1
0.113474 1
0.131364 1
0.185049 1
0.130400 11
0.000125 47
0.000027 116
0.160883 11
0.000078 8
0.000063 108
1.631682 11
0.799659 2
0.462795 11
0.000326 136
1.342174 1
0.100981 1
0.638989 1
0.737568 1
0.204685 1
0.131229 1
0.160538 1
0.244385 1
0.114936 11
0.000255 148
0.550714 1
0.131494 1
0.128867 1
0.401531 1
0.103928 1
0.136738 1
0.225260 11
0.004910 10
0.000072 184
0.000793 148
3.304620 1
0.039525 1
0.219551 1
0.165327 1
0.146287 1
0.201101 11
0.000286 136
0.494381 1
0.074718 1
0.169851 1
0.506158 1
0.070399 1
0.175205 1
0.235041 11
0.013421 10
0.000056 295
0.000057 261
0.000798 136
17.292496 6
0.190097 15
0.225063 11
0.325857 14
0.370365 15
0.365488 5
0.341139 16
0.349925 41
0.828181 11
0.022873 8
0.000304 68
0.000162 109
0.000902 336
0.000194 163
1.735510 6
0.000356 8
0.002605 28
0.001064 216
0.000048 12
1.565789 104
1.482617 140
0.746698 122
0.000061 99
1.425896 285
0.000079 76
0.701979 138
0.000111 329
0.000050 18
1.415477 143
0.000079 78
0.755872 19
0.867640 361
0.371409 20
0.000053 118
0.000101 347
0.006193 19
0.489297 6
0.000250 17
0.831161 19
0.000035 78
0.455605 31
0.621326 31
0.370706 26
0.000034 5
0.570849 19
0.052935 18
0.753579 22
2.087761 6
0.000250 17
0.265079 21
0.334264 22
1.048613 19
0.276087 18
0.294177 18
1.242338 221
1.431648 67
0.004387 136
5.058984 1
0.110003 1
0.118868 1
0.336171 4
0.341776 4
0.165296 4
0.190388 1
0.720852 1
0.075052 1
0.234594 1
0.179395 1
0.592127 4
0.264520 1
0.586756 1
0.545668 1
0.957357 1
0.285140 1
0.229397 1
0.104454 11
0.000312 45
0.000253 136
0.978484 1
0.499768 4
0.595119 9
0.260734 48
0.471855 48
0.339297 15
0.290519 11
0.405425 14
0.365551 15
0.370539 19
0.362398 11
0.000336 148
0.654970 1
0.122516 1
0.258292 1
2.423890 1
0.189993 1
0.181884 1
0.333823 11
0.004084 10
0.000049 184
0.000869 148
2.563416 1
0.176210 1
0.159656 1
0.145774 1
0.179319 1
0.287278 1
0.235616 1
0.189399 1
0.214722 1
0.134575 1
0.247230 1
0.445931 1
0.455225 1
0.235877 1
0.039631 1
0.195226 1
0.078063 1
0.226731 11
0.018830 8
0.000082 54
0.000092 13
0.001414 58
0.000064 65
0.000269 14
0.000840 125
0.000036 357
0.000394 137
0.000029 154
0.000024 69
0.000082 164
0.000024 168
0.000033 82
0.000077 256
0.000092 133
15.701388 18
0.205571 18
0.501185 18
0.480524 22
0.500834 18
0.000059 4
0.030342 18
0.000032 4
0.030391 22
0.029610 18
0.000060 4
0.030743 22
0.028869 18
0.000082 4
0.029913 23
0.030293 23
0.030100 18
0.000077 5
0.029738 18
0.000078 5
0.029890 18
0.000058 5
0.030317 23
0.030051 18
0.000058 5
0.029446 23
0.030492 18
0.000064 5
0.029846 31
0.029990 23
0.029737 18
0.000058 5
0.029952 18
0.000057 5
0.030110 23
0.030220 18
0.000081 5
0.029901 23
0.030257 6
0.000081 17
0.029418 18
0.000061 5
0.029970 18
0.000051 5
0.029927 6
0.000083 17
0.225817 18
0.000105 5
0.209979 23
0.235536 18
0.000078 5
0.401317 23
0.275496 19
0.289750 18
0.000074 3
0.873186 34
0.000813 31
1.586417 6
0.000462 32
0.884621 19
0.322621 6
0.000432 46
1.240497 18
0.000092 31
0.757112 18
0.000087 4
0.860855 6
0.000328 17
1.802710 6
0.003520 229
0.892692 72
0.000070 19
0.850849 18
0.000073 4
0.500213 6
0.000336 20
0.029881 6
0.000033 15
0.029570 18
0.000079 3
0.031988 6
0.009161 15
0.019796 21
0.029818 18
0.000202 1
0.034408 6
0.000034 15
0.024480 6
0.000068 15
0.030083 18
0.000082 3
0.030049 18
0.000033 8
0.030314 18
0.000031 1
0.030797 18
0.000092 1
0.028970 18
0.000055 1
0.029882 18
0.000077 1
0.030257 6
0.000508 20
0.030123 6
0.000033 15
0.030147 6
0.000037 15
0.029442 6
0.000058 15
0.030341 6
0.000032 21
0.000049 10
0.029815 6
0.000072 15
0.030403 18
0.000070 3
0.028656 6
0.000059 15
0.030515 18
0.000089 3
0.030198 6
0.000058 15
0.029787 18
0.000078 3
0.029598 18
0.000055 3
0.030798 18
0.000054 3
0.029989 6
0.000050 12
0.000023 1
0.029024 18
0.000210 3
0.029808 6
0.000035 13
0.000066 2
0.030980 18
0.000077 3
0.029967 6
0.000033 15
0.029555 6
0.000033 20
0.030281 18
0.000112 1
0.029924 18
0.000052 1
0.029567 19
0.032255 18
0.000051 1
0.028337 6
0.000342 20
0.030447 6
0.000089 12
0.000042 5
0.029712 6
0.000029 17
0.028538 6
0.000123 15
0.030218 18
0.000052 5
0.029723 6
0.000029 17
0.030482 6
0.000129 17
0.029679 6
0.000029 17
0.030304 6
0.000034 17
0.031535 6
0.000034 15
0.028790 6
0.000068 17
0.030283 6
0.000055 17
0.028896 6
0.000034 15
0.029580 6
0.000029 13
0.000021 2
0.031514 18
0.000058 3
0.028157 6
0.000057 15
0.030771 6
0.000031 12
0.000047 3
0.030646 18
0.000057 3
0.030551 18
0.000077 3
0.029929 18
0.000067 3
0.030010 18
0.000107 8
0.030204 6
0.000030 13
0.028960 19
0.029646 18
0.000050 1
0.030496 18
0.000035 1
0.030489 6
0.000424 20
0.029840 18
0.000077 3
0.029431 6
0.000030 15
0.029463 21
0.030146 18
0.000066 1
0.030118 6
0.000051 12
0.000025 3
0.030156 6
0.000030 13
0.000061 2
0.030900 6
0.000030 13
0.000048 2
0.030153 6
0.000035 15
0.030285 18
0.000086 3
0.031126 18
0.000052 3
0.027866 18
0.000080 3
0.029620 18
0.000124 3
0.029945 19
0.000107 2
0.031067 19
0.000128 2
0.029579 18
0.000035 8
0.029105 18
0.000094 1
0.031045 6
0.000029 13
0.028717 18
0.000067 1
0.029448 19
0.030809 6
0.000359 20
0.030165 6
0.000056 15
0.029602 19
0.030108 6
0.000057 15
0.030537 6
0.000053 13
0.000090 2
0.029497 6
0.000050 15
0.030094 19
0.000056 2
0.029522 6
0.000059 15
0.029576 18
0.000062 3
0.031512 19
0.000071 2
0.028763 21
0.029845 18
0.000077 3
0.030368 21
0.029975 6
0.000056 15
0.030575 18
0.000086 3
0.029284 6
0.000271 15
0.031180 6
0.000034 13
0.029203 21
0.029779 18
0.000118 3
0.029701 18
0.000068 3
0.029645 18
0.000079 3
0.031418 18
0.000029 3
0.030480 19
0.000088 2
0.028896 18
0.000029 3
0.033252 18
0.000051 4
0.026056 6
0.000358 20
0.029429 6
0.000033 15
0.030672 18
0.000086 3
0.029887 6
0.000051 12
0.000066 3
0.030613 18
0.000055 3
0.029836 6
0.000070 15
0.029892 6
0.000072 15
0.030423 18
0.000061 3
0.029308 18
0.000100 3
0.029962 6
0.000029 15
0.029991 19
0.000074 2
0.030172 6
0.000029 15
0.029917 19
0.000095 2
0.029791 23
0.029532 18
0.000093 5
0.029733 18
0.000031 5
0.030703 20
0.000090 3
0.029733 23
0.030085 6
0.000056 15
0.030706 19
0.000092 2
0.029436 18
0.000051 3
0.030011 18
0.000144 3
0.029354 6
0.000092 12
0.000048 1
0.000094 2
0.029938 19
0.000099 2
0.030803 19
0.000070 2
0.029553 21
0.029612 18
0.000052 3
0.030709 22
0.225769 6
0.000385 15
0.259580 6
0.000470 16
0.854692 22
1.180638 6
0.003285 165
0.000056 74
3.653218 18
0.000054 1
0.612080 19
0.330497 18
0.000074 3
0.244541 18
0.000071 3
0.140353 19
0.196545 21
0.219983 21
0.225629 26
0.375197 19
0.405322 18
0.000054 1
0.500811 19
0.029434 19
0.030168 19
0.030212 19
0.030239 19
0.029666 19
0.030075 19
0.029831 19
0.030508 19
0.029992 19
0.030005 19
0.029656 18
0.000054 1
0.030516 18
0.000051 1
0.030320 18
0.000051 1
0.029845 19
0.029795 19
0.160537 19
0.196234 19
0.159083 19
0.215705 19
0.280785 18
0.000052 1
0.215439 18
0.000066 1
0.275053 18
0.000057 3
0.250450 18
0.000052 45
0.000071 11
0.345206 23
0.339728 18
0.000071 1
0.382836 6
0.000057 39
0.384774 23
0.349989 19
0.304533 18
0.000053 1
0.357194 23
0.335288 21
0.460011 18
0.000053 5
0.987238 19
0.690578 19
0.215153 19
0.160286 18
0.008098 1
0.287466 26
0.440616 24
0.320953 23
0.255269 23
0.341535 21
2.163854 6
0.000107 1
0.000032 8
0.000058 82
0.000093 19
2.758574 6
0.000082 9
0.000050 19
0.520913 6
0.000029 1
0.000053 20
0.000083 7
6.384009 18
0.000074 3
0.264949 19
0.270970 19
0.220556 18
0.000055 3
0.229859 18
0.000056 3
0.200489 18
0.000101 3
0.189854 21
0.185416 18
0.000066 3
0.240050 18
0.000055 5
0.294987 18
0.000078 5
0.311233 18
0.000065 1
0.380460 6
0.000056 37
0.289988 23
0.235167 18
0.000078 1
0.292121 6
0.000154 76
0.213722 23
0.225658 19
0.360465 19
0.000056 27
0.195111 23
0.254906 12
0.000033 15
0.000047 7
0.703302 18
0.000100 19
0.303479 18
0.000057 1
0.250541 18
0.000153 7
0.225664 19
1.974617 6
0.000058 9
0.000056 94
0.000088 7
1.276777 6
0.000031 1
0.000024 8
0.000051 19
0.287749 6
0.000057 9
0.000078 19
0.234265 6
0.000056 9
0.000029 12
0.000043 7
0.438956 7
0.009291 20
0.000093 7
0.424926 6
0.000032 9
0.000052 19
0.437221 6
0.000216 28
0.355999 6
0.000155 21
0.000082 7
0.384411 18
0.000064 1
0.005292 6
0.000076 1
0.000040 20
0.000042 6
0.715020 6
0.000137 214
2.188506 6
0.000080 273
0.000085 65
1.768616 6
0.000051 9
0.000024 90
0.000076 349
0.000077 6
1.290162 6
0.000304 40
0.986462 6
0.000510 42
1.644351 6
0.000384 422
0.001142 168
0.000049 151
0.000033 304
0.000139 647
0.000026 138
0.000017 200
0.000074 209
0.000162 832
0.000032 272
0.000070 126
2.736415 60
0.000468 5
0.558924 8
0.000340 5
1.699389 364
0.000054 58
0.000496 432
0.000044 232
0.000154 525
0.000024 216
0.000017 48
0.000046 37
0.000020 28
1.134349 14
0.000052 91
0.460198 6
0.000207 116
0.907459 6
0.000027 93
0.000043 6
0.595651 14
0.000075 18
0.385173 32
0.220309 6
0.000493 40
0.786602 6
0.000385 42
0.560805 26
0.000089 6
0.334901 6
0.000039 214
2.041905 6
0.000027 171
0.000043 102
0.000040 65
1.161589 6
0.000049 1
0.000019 13
0.000041 85
0.000145 355
29.611692 6
0.000056 271
0.000102 135
1.146019 6
0.000062 14
0.000045 85
0.000029 161
0.000024 176
0.000042 18
3.792794 11
0.000085 209
0.480502 7
0.000073 12
0.981569 6
0.000239 61
0.001444 148
1.820163 1
0.059961 1
0.165652 1
0.670871 4
0.144564 4
0.151101 4
0.200601 1
0.114516 1
0.101241 1
0.088783 1
0.180953 1
0.371109 1
0.088248 1
0.151068 1
0.182410 1
0.173379 1
0.281196 1
0.190659 1
0.259786 1
0.194611 1
0.692742 1
0.190081 1
0.159000 1
0.451735 1
0.480246 1
0.084425 1
0.181833 1
0.174885 1
0.170200 11
0.023246 8
0.000309 67
0.000079 98
0.000962 336
0.000376 146
0.000275 412
0.000045 436
0.000121 182
0.000035 133
1.976028 18
0.230546 22
0.501174 22
0.029728 18
0.000070 4
0.030103 22
0.029651 22
0.030172 22
0.030574 22
0.029669 23
0.029988 23
0.030192 23
0.030038 23
0.030032 23
0.030660 23
0.029580 23
0.029890 23
0.030243 23
0.029521 23
0.030253 23
0.030843 31
0.031439 23
0.028828 23
0.030190 18
0.000082 5
0.033015 23
0.026241 23
0.030229 23
0.029966 23
0.029571 23
0.030135 18
0.000074 5
0.030408 23
0.029895 23
0.140604 23
0.395164 21
0.525629 18
0.000136 1
5.359408 6
0.002436 28
0.000725 145
0.000161 118
3.841382 19
0.503327 6
0.000324 47
1.324556 19
0.396902 21
0.905168 18
0.000230 3
0.501139 21
0.029759 21
0.029999 21
0.029909 21
0.030389 24
0.029577 24
0.530570 18
0.000073 8
0.696413 26
0.555485 18
0.000179 6
0.537604 6
0.009321 46
0.571806 19
1.265838 19
0.226423 21
0.574779 23
0.490792 19
0.225894 23
0.351630 45
0.574353 23
0.460847 18
0.000069 1
0.315559 19
0.370726 18
0.000206 5
4.205675 23
0.215260 19
0.215474 23
0.214971 19
0.501187 19
0.030183 19
0.029719 19
0.030269 18
0.000036 1
0.029865 19
0.029966 18
0.000056 1
0.030215 19
0.432730 19
0.539604 19
0.250539 6
0.000380 59
1.036977 6
0.000411 47
0.569262 19
0.281827 6
0.000460 24
0.994595 18
0.000060 3
2.836286 6
0.010007 37
0.003168 88
1.154412 72
0.003916 148
10.020970 32
0.660471 57
1.265849 10
0.006297 148
3.729508 50
0.607717 506
0.065154 101
0.005365 148
5.557987 38
1.177604 69
0.023110 8
0.000193 67
0.000535 56
0.000978 482
0.000063 17
21.690328 6
0.000463 8
0.010450 28
0.001024 227
0.000059 221
0.000234 414
1.880753 6
0.000332 37
0.014798 89
0.619489 6
0.000048 66
0.003855 148
10.699892 78
0.663495 206
1.066158 144
0.096786 148
0.097508 26
0.000140 122
0.097691 148
0.099121 148
0.096110 26
0.000237 122
0.096118 148
0.098382 148
0.098192 148
0.095872 148
0.099134 148
0.095723 148
0.098869 26
0.000125 122
0.096901 148
0.097923 148
0.097248 148
0.098292 148
0.096837 148
0.098372 148
0.094911 26
0.000052 122
0.099053 148
0.096184 148
0.097856 148
0.097969 148
0.097299 148
0.095749 148
0.097617 169
0.097775 26
0.000043 143
0.097630 169
0.098349 169
0.097685 169
0.096669 169
0.098005 169
0.097387 169
0.097232 169
0.096119 169
0.098635 169
0.097149 169
0.097362 171
0.097107 171
0.097390 26
0.000068 145
0.096492 171
0.097445 171
0.097766 171
0.096976 171
0.097309 171
0.098176 171
0.098350 171
0.096650 171
0.097416 171
0.097247 171
0.097903 171
0.097124 26
0.000033 145
0.097390 171
0.098513 26
0.000189 145
0.095655 171
0.098462 171
0.096887 171
0.096458 171
0.098290 171
0.097489 165
0.000060 6
0.097041 26
0.000085 145
0.096956 171
0.098022 171
0.097884 171
0.096553 26
0.000060 145
0.098210 171
0.096117 171
0.097733 171
0.098987 171
0.096445 171
0.097409 171
0.097069 171
0.097381 171
0.098946 171
0.095901 171
0.098178 171
0.096830 171
0.097502 171
0.096784 171
0.098184 171
0.097323 171
0.098587 171
0.096833 165
0.000094 6
0.097124 171
0.096695 171
0.097059 171
0.098163 171
0.098606 171
0.095940 171
0.097653 26
0.000130 145
0.096550 171
0.097910 26
0.000058 145
0.097146 171
0.098196 171
0.097697 26
0.000031 145
0.097091 171
0.097469 171
0.097885 171
0.096460 171
0.098035 171
0.096189 171
0.097184 171
0.097567 171
0.099419 26
0.000052 145
0.095642 26
0.000080 145
0.098960 171
0.096222 171
0.097821 26
0.000097 145
0.096548 26
0.000173 145
0.097674 171
0.097887 171
0.097553 171
0.097019 171
0.097955 171
0.096059 171
0.098407 26
0.000030 145
0.097120 171
0.098539 171
0.096113 165
0.000041 6
0.097709 171
0.097067 171
0.097991 171
0.097114 171
0.096468 171
0.097178 165
0.000032 6
0.099552 171
0.095744 171
0.098662 171
0.096643 26
0.000074 145
0.097591 171
0.096285 171
0.097641 171
0.097786 171
0.097147 171
0.097171 171
0.097975 171
0.097357 171
0.097684 171
0.097139 171
0.097591 171
0.096994 171
0.097783 171
0.097651 171
0.097889 171
0.096606 171
0.097733 26
0.000069 145
0.096826 171
0.099073 171
0.095910 171
0.096735 171
0.097722 171
0.098049 171
0.097764 171
0.097340 171
0.097337 171
0.096379 171
0.098527 171
0.096992 171
0.096990 171
0.097371 171
0.097281 171
0.097912 171
0.097273 171
0.098420 171
0.096059 171
0.098143 171
0.096956 171
0.097553 171
0.097830 171
0.097184 171
0.097586 26
0.000035 145
0.097206 171
0.096706 171
0.098693 171
0.096255 171
0.099218 171
0.095722 171
0.098544 171
0.097087 171
0.098129 171
0.096957 171
0.097699 26
0.000039 145
0.097514 171
0.096579 171
0.098249 171
0.095938 171
0.097558 171
0.097881 171
0.098197 171
0.095943 171
0.097624 171
0.097182 171
0.098666 26
0.000033 145
0.096523 171
0.098215 26
0.000094 145
0.097438 26
0.000055 145
0.096032 171
0.097372 171
0.098109 171
0.096612 171
0.098212 171
0.096701 171
0.097330 171
0.097833 171
0.096858 26
0.000165 145
0.098232 26
0.000037 145
0.097346 171
0.097152 171
0.097220 26
0.000057 145
0.097873 171
0.096666 171
0.097707 171
0.097905 171
0.096818 171
0.097347 171
0.097228 171
0.097999 26
0.000075 145
0.097444 171
0.097223 26
0.000158 145
0.097258 171
0.098059 26
0.000061 145
0.096448 171
0.097921 171
0.098302 171
0.097569 26
0.000077 145
0.095763 171
0.097768 171
0.098289 171
0.096946 171
0.096489 171
0.097352 171
0.099050 26
0.000032 145
0.096324 171
0.096967 171
0.097879 171
0.098254 171
0.096633 171
0.097562 171
0.098344 171
0.096697 171
0.097160 26
0.000032 145
0.098602 171
0.097659 171
0.096402 171
0.097065 171
0.097098 171
0.097386 171
0.098766 26
0.000038 145
0.095728 171
0.099169 165
0.000088 6
0.095506 171
0.097343 26
0.000033 145
0.098131 171
0.097442 171
0.097646 26
0.000032 145
0.098090 171
0.096407 171
0.097516 171
0.097248 171
0.097254 171
0.097591 171
0.097403 171
0.097299 26
0.000061 145
0.098646 171
0.096647 171
0.098422 171
0.096384 26
0.000069 145
0.096478 26
0.000032 145
0.098704 26
0.000146 145
0.096284 171
0.097784 171
0.097174 171
0.099086 171
0.096040 165
0.000060 6
0.098125 26
0.000034 145
0.096228 171
0.098961 26
0.000033 145
0.097597 171
0.095251 171
0.098146 171
0.097101 171
0.097715 26
0.000054 145
0.097364 171
0.097417 171
0.097517 171
0.097097 171
0.098594 171
0.096421 171
0.098121 171
0.096946 26
0.000151 145
0.097026 171
0.098558 171
0.095649 171
0.097299 171
0.097803 26
0.000050 145
0.096988 171
0.098271 171
0.097236 171
0.097399 171
0.097670 26
0.000052 145
0.097274 171
0.097316 171
0.098056 26
0.000042 145
0.096395 171
0.098809 26
0.000209 145
0.095498 26
0.000051 145
0.097433 171
0.097726 171
0.097491 171
0.098383 171
0.096323 171
0.097714 171
0.096949 171
0.098419 171
0.096741 171
0.097260 26
0.000062 145
0.097762 171
0.097199 171
0.097462 171
0.097662 171
0.096649 171
0.098142 171
0.096994 26
0.000193 145
0.098852 171
0.096075 171
0.096939 171
0.098083 171
0.096815 171
0.098002 171
0.097058 171
0.096913 14
0.000088 157
0.097835 26
0.000041 145
0.098369 171
0.096515 26
0.000052 145
0.097853 171
0.096486 171
0.098007 171
0.097001 165
0.000175 6
0.097551 26
0.000043 145
0.097466 165
0.000061 6
0.097245 171
0.097712 171
0.096602 171
0.097846 26
0.000055 145
0.097056 171
0.097671 26
0.000029 145
0.098077 165
0.000058 6
0.096306 171
0.098328 171
0.096417 171
0.097630 26
0.000030 145
0.097629 26
0.000031 145
0.097460 171
0.097355 14
0.000058 157
0.098140 171
0.098120 171
0.095903 171
0.098858 171
0.096757 26
0.000087 145
0.097185 26
0.000063 145
0.097315 171
0.096772 171
0.098478 171
0.096919 26
0.000030 145
0.097475 171
0.097016 26
0.000212 145
0.096849 171
0.097994 171
0.097620 171
0.097847 171
0.097060 171
0.097235 171
0.096925 171
0.097570 26
0.000053 145
0.097459 171
0.097381 171
0.098618 26
0.000194 145
0.095803 171
0.097372 171
0.097567 171
0.097014 171
0.098168 171
0.097875 171
0.096855 26
0.000029 145
0.097322 171
0.096916 26
0.000289 145
0.097888 14
0.000031 157
0.098082 171
0.097554 171
0.096227 171
0.097503 26
0.000521 145
0.096512 171
0.098561 171
0.097282 171
0.096621 171
0.099045 171
0.097041 26
0.000084 145
0.097262 171
0.096715 171
0.096993 171
0.097967 171
0.097014 26
0.000034 145
0.097261 165
0.000053 6
0.097938 171
0.097324 26
0.000113 145
0.097283 171
0.096624 171
0.099364 171
0.096981 171
0.097012 171
0.097322 171
0.096877 171
0.097621 171
0.096623 171
0.097605 171
0.097618 171
0.098899 171
0.097029 171
0.096676 171
0.098474 171
0.097333 171
0.096094 26
0.000034 145
0.097847 171
0.097878 171
0.097404 26
0.000084 145
0.097306 171
0.097816 171
0.097534 171
0.097602 171
0.095406 171
0.099085 171
0.096602 171
0.097709 26
0.000077 145
0.097055 171
0.097742 171
0.096442 171
0.098630 171
0.096432 171
0.097278 171
0.097534 171
0.097197 171
0.099125 171
0.095759 26
0.000071 145
0.098443 171
0.097071 171
0.098382 171
0.095931 171
0.098365 171
0.097036 171
0.097478 171
0.097427 171
0.098416 171
0.095900 171
0.097677 171
0.096646 171
0.099012 171
0.097471 165
0.000067 6
0.097219 171
0.097789 171
0.096224 171
0.098193 171
0.096921 171
0.097863 171
0.096537 171
0.098724 171
0.096210 171
0.096748 171
0.099038 171
0.097146 163
0.000077 8
0.097253 171
0.096631 26
0.000143 145
0.096726 171
0.098611 171
0.097655 171
0.097080 171
0.098378 171
0.096817 171
0.097136 171
0.096740 171
0.097767 171
0.098722 171
0.096600 171
0.097673 165
0.000090 6
0.097108 171
0.098008 26
0.000073 145
0.096871 171
0.097852 165
0.000040 6
0.096255 171
0.098287 171
0.096383 171
0.098952 171
0.095680 26
0.000042 145
0.098222 171
0.097299 171
0.097734 171
0.095971 171
0.098687 171
0.096597 171
0.097219 171
0.097762 171
0.097921 171
0.096852 171
0.097463 171
0.097968 171
0.097262 171
0.096817 171
0.098104 171
0.097312 171
0.097672 26
0.000152 145
0.096365 171
0.097611 26
0.000165 145
0.097321 171
0.098245 26
0.000032 145
0.097098 171
0.097426 171
0.096659 171
0.097804 26
0.000043 145
0.097091 171
0.097585 171
0.096814 26
0.000142 145
0.098056 171
0.097411 171
0.098172 26
0.000071 145
0.096672 171
0.096816 26
0.000128 145
0.097724 165
0.000080 6
0.096886 171
0.097296 171
0.097282 171
0.097932 26
0.000052 145
0.096762 171
0.097850 171
0.097584 171
0.097401 171
0.096947 171
0.097636 171
0.097098 171
0.099008 171
0.097670 171
0.095755 171
0.097392 171
0.097786 171
0.097057 171
0.097874 171
0.097241 171
0.098777 171
0.096510 171
0.097145 171
0.097740 171
0.098126 171
0.096573 171
0.096938 171
0.098116 171
0.097585 171
0.096895 171
0.097202 26
0.000162 145
0.096981 171
0.097303 171
0.098204 171
0.097072 171
0.097790 171
0.096736 26
0.000058 145
0.097566 26
0.000052 131
0.097504 26
0.000051 246
0.135010 272
0.059594 272
0.097427 272
0.097367 272
0.097746 266
0.000059 6
0.097353 26
0.000057 246
0.096898 272
0.098087 272
0.061467 281
0.021601 148
611.976749 11
0.000138 8
0.000028 9
0.000046 2
0.000285 148
21.927932 9
1.112998 4
0.186078 4
0.155749 4
0.155376 4
0.169675 4
0.140644 4
0.154983 5
0.160157 1
2.192983 1
0.114451 1
0.111697 1
0.124757 1
0.280214 1
0.916100 1
0.286179 1
0.150236 1
0.450030 1
0.271938 1
0.129993 1
0.105119 1
0.234265 1
0.185311 1
0.139736 1
0.147560 1
0.173404 1
0.151098 1
0.143449 1
0.206582 11
0.232625 13
0.090061 169
0.022052 128
0.168494 47
0.006782 134
0.000035 80
0.020812 308
0.001514 81
0.025991 139
0.055354 83
0.093879 120
0.046117 25
0.021010 165
0.125998 57
0.009045 198
0.221424 103
0.000374 59
0.022356 239
0.094136 439
0.001396 443
0.000647 439
0.177711 161
0.000046 94
0.035503 453
0.003896 456
0.001763 366
0.000051 94
0.000168 159
0.000418 253
0.058758 162
0.000357 94
0.007807 163
0.000227 94
0.002427 163
0.000222 93
0.052487 153
0.144697 83
0.013548 142
0.000332 89
0.043220 260
0.000524 163
0.000276 94
0.025462 165
0.000077 94
0.005019 165
0.102125 108
0.046750 193
0.110278 70
0.034952 353
0.000038 94
0.146300 445
0.006134 444
0.001178 154
0.353606 98
0.000032 68
0.056035 337
0.062280 346
0.002683 352
0.027651 342
0.036551 104
0.000227 61
0.008088 98
0.000216 67
0.002546 104
0.000132 61
0.243001 250
0.000036 66
0.059688 325
0.067865 332
0.006881 260
0.000111 60
0.033955 96
0.000340 66
0.106311 103
0.000256 69
0.057731 107
0.000075 68
0.002951 106
0.000170 62
0.259559 100
0.000237 68
0.056062 106
0.000200 70
0.062172 128
0.000390 223
0.076480 116
0.000334 72
0.007529 114
0.000109 66
0.049074 262
0.000471 254
0.006129 254
0.000192 67
0.001742 326
0.000493 328
0.000419 314
0.006405 111
0.000256 207
0.000651 118
0.000436 207
0.000571 314
0.005509 316
0.003747 330
0.002063 119
0.015982 147
0.000087 67
0.000264 95
0.445592 42
0.000327 34
0.202040 48
0.000148 34
0.000631 48
0.000267 28
0.011010 42
0.000237 34
0.002865 48
0.000223 36
0.000680 50
0.000267 34
0.000508 48
0.000290 28
0.007127 42
0.000167 36
0.002169 50
0.000080 34
0.000588 48
0.000320 28
0.005128 43
0.000252 35
0.003059 50
0.000130 37
0.003415 52
0.000171 35
0.000793 101
10.955699 29
0.016354 29
0.006839 29
0.000743 29
0.013793 29
0.059864 29
0.000528 29
0.010870 29
0.000618 29
0.624297 30
0.320265 30
0.000699 30
0.143155 30
0.000852 30
0.005973 30
0.000549 30
0.001155 30
0.000840 30
0.018163 30
0.000848 30
0.004217 60
0.119114 60
0.029237 30
0.000088 30
0.056053 30
0.054033 60
0.018470 30
0.000080 30
0.158765 60
0.037848 60
0.002587 60
0.001609 60
0.002866 30
0.001264 30
0.000470 30
0.000160 30
0.002495 60
0.000480 30
0.000419 30
0.000284 30
0.000550 30
0.001352 60
0.035513 60
0.022878 60
0.029403 60
0.011039 60
0.085765 60
0.049968 30
0.000141 30
0.001810 60
0.190594 30
0.009166 30
0.206183 33
0.046984 148
1.503076 45
0.907396 218
0.040826 29
0.027619 64
0.021164 64
0.070797 66
0.264686 70
0.007919 33
0.000681 37
0.378838 54
0.001443 29
0.248893 47
0.002956 43
0.114691 65
0.090628 102
0.012322 22
0.074810 167
0.029773 57
0.024556 170
0.008714 266
0.015169 114
0.606779 16
0.053424 82
0.027361 259
0.002777 26
0.026378 26
0.026836 26
0.030038 26
0.022265 26
0.021837 26
0.021275 26
0.024710 26
0.023927 26
0.027486 100
0.002444 69
0.000211 123
0.007944 123
0.004305 53
0.029306 123
0.042798 63
0.006899 194
0.004893 55
0.028586 123
0.033522 56
0.006878 195
0.004764 50
0.055576 123
0.048767 54
0.005573 123
0.004618 123
0.004679 56
0.004715 123
0.004438 123
0.004575 51
0.004603 123
0.006073 123
0.005132 53
1.346432 56
0.540511 20
0.207141 148
191.566027 72
177.505514 220
0.000185 9
0.000702 11
0.000488 148
0.022935 238
4.603302 24
3.451630 24
3.233782 24
3.202088 24
3.454657 25
3.299676 25
3.147541 25
3.416447 25
3.449335 25
3.779246 25
0.000228 131
0.000068 29
0.000178 468
0.001776 314
0.000052 98
0.000138 46
192.931648 19
0.000083 11
0.000069 71
0.001618 148
47.133707 41
1.116689 11
0.000826 11
0.000342 8
0.000051 140
0.009011 238
3.785478 24
3.332072 24
3.180961 24
3.165431 24
3.152456 25
3.437776 25
3.227072 25
3.290049 25
3.181826 25
3.175905 25
0.000038 267
0.000071 361
0.001542 160
0.000060 298
150.729818 11
0.000059 19
0.000207 219
655.464319 1
0.572379 1
0.357073 4
0.135638 4
0.065200 1
0.169532 1
0.605909 1
0.164829 1
3.360141 1
0.516614 1
1.097759 1
0.213535 1
0.180297 1
0.221552 1
0.139948 1
0.135359 1
1.873151 1
0.170402 1
0.269306 1
3.835779 2
0.000268 14
0.000306 15
0.000500 16
0.000594 21
0.000484 6
0.000166 7
0.000640 16
0.000290 2
0.000272 1
0.000089 1
1.009374 4
0.500652 4
0.030477 4
0.029604 4
0.030299 4
0.029431 4
0.030505 4
0.030081 4
0.030371 4
0.029131 4
0.029885 4
0.029813 4
0.032992 4
0.027999 4
0.029732 4
0.030811 4
0.029837 4
0.030222 4
0.029022 4
0.029444 4
0.031620 4
0.029656 4
0.029842 4
0.030358 4
0.029913 4
0.029844 4
0.029967 4
0.030558 4
0.029788 4
0.030661 4
0.029398 4
0.029688 4
0.030373 4
0.029766 4
0.030323 4
0.030386 4
0.029031 4
0.031022 4
0.029952 4
0.030889 4
0.029017 4
0.029839 4
0.031006 4
0.028925 4
0.029903 4
0.030303 4
0.030398 4
0.030865 4
0.029544 4
0.030231 4
0.030009 4
0.029627 4
0.029869 4
0.029553 4
0.031309 4
0.030784 4
0.029459 4
0.028698 4
0.029503 4
0.031137 4
0.029055 4
0.030798 4
0.030588 4
0.029846 4
0.030087 4
0.029301 4
0.031012 4
0.030329 4
0.029789 4
0.029059 4
0.030008 4
0.031120 4
0.030185 4
0.029665 4
0.030158 4
0.030067 4
0.029467 573
0.029911 4
0.030369 4
0.030085 4
0.029230 4
0.030390 4
0.031065 4
0.030107 4
0.030084 4
0.028984 4
0.030177 4
0.030025 4
0.030278 4
0.029447 4
0.030596 4
0.029960 4
0.029628 4
0.031001 4
0.030091 4
0.029229 4
0.030623 4
0.030060 4
0.029995 5
0.030724 4
0.941038 1
1.007790 119
1.280591 1
0.000199 101
1.704084 1
1.982943 1
0.549189 4
0.726413 1
54.410688 2
0.000039 9
0.000833 11
0.000332 8
0.000029 140
0.009220 238
8.509772 25
8.678274 26
8.719190 26
4.142382 340
0.000058 367
0.016341 328
0.000031 130
91.897680 19
0.000038 11
0.000146 147
0.000053 140
1.421696 109
0.722121 11
0.000747 11
0.000297 148
0.008356 238
8.586313 25
8.384619 26
8.659350 26
4.404533 300
0.000039 407
0.016675 458
184.047994 11
0.000060 19
0.000116 139
0.000115 148
82.396549 1
0.107243 1
0.228997 1
0.772659 1
0.433990 4
0.294191 1
0.352542 4
0.441039 1
0.223089 1
0.291106 1
0.188455 1
0.152975 1
0.283894 1
0.502635 4
0.200170 1
0.113894 1
0.702428 1
0.203524 1
0.191112 1
0.144627 1
0.090434 1
0.251375 1
0.145020 1
0.139932 11
0.000185 116
1.577636 1
0.270869 1
0.155189 1
0.148746 1
0.136457 11
0.000034 6
