0.029992 124
15.132283 56
0.708541 188
0.013787 88
0.000825 124
3.844985 1
0.074964 1
0.205441 1
0.341202 1
0.235431 1
0.409643 1
0.155750 1
0.149759 1
0.194229 1
0.145876 1
0.155264 1
0.335936 1
0.196039 1
0.151413 1
0.068292 1
0.219742 1
0.165687 1
0.305725 1
0.445391 1
0.105489 1
0.125262 1
0.194953 1
0.545651 1
0.165460 1
0.154966 1
0.204743 1
0.160870 1
0.080634 1
0.556761 4
0.295002 1
0.176886 1
0.112611 1
0.120494 1
0.234997 1
0.125290 1
0.155603 1
1.527390 1
0.135194 1
0.074598 1
0.166083 1
0.165487 1
0.114468 1
0.158479 1
0.056615 1
0.215242 1
0.286519 1
0.311123 1
0.084925 1
0.254920 11
0.000247 217
1.074325 46
2.805014 4
0.500894 4
0.029968 4
0.030270 4
0.029422 4
0.030329 4
0.030177 4
0.029773 4
0.029879 4
0.030415 4
0.029729 4
0.031967 4
0.029236 4
0.030037 4
0.028456 4
0.031512 4
0.028937 4
0.030553 4
0.240319 4
0.440400 2
0.000080 9
0.000386 136
3.423737 56
0.812632 105
0.003092 88
0.000792 136
1.964191 1
0.108144 1
0.156794 11
0.018088 131
0.002101 136
3.590532 1
0.076188 1
0.128815 1
0.510339 4
0.391172 1
0.165515 1
0.449950 4
0.220695 1
0.064513 1
0.140173 1
0.251539 11
0.007166 439
0.000038 127
0.000114 74
0.001030 136
10.650832 42
0.661628 77
0.012852 174
0.000855 136
23.752105 60
0.686458 210
0.012169 549
0.000672 136
19.451623 395
0.000089 303
2.662352 612
0.000051 72
0.000310 23
0.500833 4
0.029119 4
0.029911 4
0.029828 4
0.030392 4
0.030199 4
0.029469 4
0.030403 4
0.030001 4
0.031173 4
0.029574 4
0.029671 4
0.030464 4
0.030095 4
0.030240 4
0.029841 4
0.029353 4
0.030120 4
0.030215 33
0.029664 4
0.030622 4
0.029224 4
0.030619 4
0.030341 4
0.029899 4
0.030600 4
0.029292 4
0.029821 4
0.030433 33
0.029542 4
0.031290 4
0.029439 4
0.029941 4
0.030736 4
0.030224 4
0.028894 4
0.030592 4
0.030336 4
0.030102 6
0.028980 63
0.030164 4
0.030541 4
0.029478 4
0.029672 4
0.031058 4
0.030222 4
0.030363 4
0.029350 4
0.031375 4
0.029094 4
0.030409 4
0.028826 4
0.030716 4
0.029952 4
0.029716 4
0.030590 4
0.029215 4
0.030935 4
0.030208 4
0.029415 36
0.030220 4
0.029996 4
0.029920 4
0.030582 4
0.029283 4
0.030265 4
0.030215 4
0.029618 4
0.030648 4
0.030488 4
0.029112 30
0.029792 4
0.030296 4
0.030691 4
0.029585 4
0.030000 4
0.029929 4
0.029482 4
0.030626 4
0.030681 6
0.030050 87
0.030112 4
0.029629 4
0.029674 4
0.030647 4
0.029873 4
0.029989 4
0.029825 4
0.030352 4
0.030234 4
0.030220 4
0.029274 4
0.031090 4
0.028859 4
0.031251 4
0.029056 4
0.030096 4
0.030186 4
0.030180 4
0.029899 4
0.029426 4
0.030619 4
0.029848 4
0.029461 4
0.030141 4
0.029837 4
0.031182 4
0.029581 4
0.029531 48
0.030625 4
0.030003 4
0.030229 4
0.031181 4
0.029352 4
0.030367 4
0.028927 4
0.030389 4
0.029874 4
0.029235 4
0.030860 4
0.029983 4
0.030094 4
0.029919 4
0.030098 45
0.031251 4
0.029773 4
0.030126 4
0.029890 4
0.036592 4
0.029335 4
0.025856 4
0.031408 4
0.029524 4
0.030976 4
0.027201 4
0.039509 4
0.022379 4
0.029268 93
0.032657 4
0.033239 4
0.022086 4
0.030332 4
0.029352 4
0.031123 4
0.029542 4
0.030272 4
0.029783 4
0.030999 4
0.029632 4
1.186786 4
0.500187 4
0.028867 4
0.030103 4
0.030083 4
0.030948 4
0.029643 4
0.030939 4
0.029753 4
0.030143 4
0.032035 4
0.029127 4
0.028898 4
0.029565 4
0.029933 4
0.030794 4
0.030776 4
0.029055 4
0.029272 42
0.030148 4
0.030055 4
0.030480 4
0.029515 4
0.030232 4
0.030479 4
0.029538 4
0.030312 4
0.029738 4
0.029828 4
0.029892 4
0.030214 4
0.030488 144
0.029808 4
0.029624 4
0.030994 4
0.030147 4
0.029673 4
0.030349 4
0.029484 4
0.030484 4
0.029565 4
0.030003 4
0.031281 4
0.029595 4
0.030209 4
0.033532 4
0.026978 4
0.028530 4
0.031201 4
0.029546 4
0.030327 4
0.030222 4
0.029843 4
0.030725 4
0.030138 4
0.030261 4
0.029255 4
0.029718 4
0.029706 4
0.030740 4
0.029705 4
0.030183 4
0.030288 4
0.030827 4
0.028928 4
0.030718 4
0.029233 4
0.029677 4
0.030794 4
0.029645 4
0.029368 4
0.030835 4
0.030202 4
0.029412 4
0.029859 4
0.033798 4
0.027542 4
0.030542 4
0.029583 120
0.028910 4
0.030774 4
0.029776 4
0.030428 4
0.029597 4
0.030381 4
0.031765 4
0.029174 4
0.029738 4
0.030024 4
0.029161 4
0.030284 4
0.029981 4
0.030970 4
0.029646 4
0.030004 4
0.029466 4
0.029663 4
0.030613 4
0.030575 4
0.029111 4
0.029984 4
0.029827 4
0.030101 4
0.030591 4
0.029837 4
0.029258 4
0.030339 4
0.030909 4
0.029742 4
0.031596 4
0.029641 4
0.030186 4
0.029368 4
0.030198 4
0.029315 4
0.030452 4
0.030329 4
0.030046 132
0.029288 4
0.030101 4
0.029862 4
0.029735 4
0.030466 4
0.029940 4
0.029957 4
0.030691 4
0.029552 4
0.030799 4
0.030774 4
0.029021 4
0.029833 4
0.030324 4
0.029832 4
0.030111 4
0.030140 4
0.030154 4
0.029583 4
0.030122 4
0.030515 4
0.029776 4
0.029132 4
0.031066 4
0.030491 4
0.030599 4
0.029337 4
0.032789 4
0.026087 4
0.030173 4
0.029868 4
0.029915 4
0.030851 4
0.029582 4
0.029892 4
0.029745 4
0.030053 4
0.031190 4
0.030100 4
0.030469 4
0.030331 4
0.028827 4
0.030576 102
0.029316 4
0.030368 4
0.029946 4
0.029685 4
0.030586 4
0.030205 4
0.029896 4
0.029902 4
0.030333 4
0.029038 4
0.030315 4
0.031149 4
0.030059 4
0.029906 4
0.032069 4
0.028639 4
0.029589 4
0.030230 4
0.029196 4
0.029636 4
0.029983 4
0.030331 4
0.029952 4
0.029705 4
0.032014 4
0.028285 4
0.030067 4
0.030372 4
0.030041 4
0.030753 4
0.030253 4
0.029350 4
0.029850 54
0.030045 4
0.029757 4
0.030478 4
0.029999 4
0.030441 4
0.029210 4
0.030544 4
0.029096 4
0.030716 4
0.029966 4
0.031454 4
0.028882 4
0.029578 4
0.030713 4
0.030856 4
0.030041 4
0.029660 60
0.029988 4
0.029278 4
0.030984 4
0.029991 4
0.029271 4
0.031142 4
0.029282 4
0.029880 4
0.030365 4
0.030201 4
0.029786 4
0.030758 4
0.029712 4
0.029660 4
0.029722 4
0.030500 4
0.030844 4
0.029641 4
0.029032 108
0.030521 4
0.028951 4
0.030779 4
0.030631 4
0.029817 4
0.029830 4
0.030167 4
0.029325 4
0.030162 4
0.031036 4
0.030385 4
0.030219 4
0.030835 4
0.029983 4
0.029629 4
0.033150 4
0.026173 4
0.030725 4
0.029752 4
0.029804 4
0.030695 4
0.029106 4
0.030086 4
0.030736 4
0.029542 4
0.030705 4
0.029641 4
0.030075 4
0.029553 4
0.031012 4
0.029538 4
0.029363 4
0.030276 4
0.029789 4
0.030660 33
0.029582 4
0.031044 4
0.030113 4
0.029385 4
0.030362 4
0.029836 4
0.029825 4
0.029613 4
0.030064 4
0.030423 51
0.032300 4
0.028664 4
0.030111 4
0.029808 4
0.029413 4
0.030151 4
0.029145 4
0.030302 4
0.029990 4
0.030340 4
0.031470 4
0.028345 4
0.029625 4
0.030027 4
0.030041 4
0.030415 231
0.030139 4
0.029536 4
0.030446 4
0.029693 4
0.030668 4
0.029520 4
0.030669 4
0.029970 4
0.029621 4
0.030456 4
0.029884 4
0.030423 4
0.029280 4
0.030681 4
0.029824 4
0.029557 4
0.030325 4
0.030022 4
0.031499 4
0.029880 4
0.029480 4
0.028962 4
0.030139 4
0.029971 4
0.030997 4
0.029421 4
0.030044 1
0.029988 1
0.030111 1
0.029893 1
0.029941 1
0.030163 1
0.030076 1
0.030900 1
0.030304 1
0.029345 1
0.029470 1
0.031723 1
0.798917 135
0.907989 251
1.055982 82
0.070786 47
0.012503 136
178.052557 26
0.747170 45
0.000423 116
3.698204 146
0.712900 245
0.041191 28
1.340863 2
0.272622 31
2.246462 2
1.527838 69
0.239413 37
0.017658 44
0.009636 48
0.014618 70
0.017666 70
0.017127 70
0.017285 72
0.017566 273
0.018137 273
0.017623 95
0.016734 73
0.016906 73
0.017519 73
0.017567 73
0.017446 73
0.017292 73
0.017448 73
0.017321 73
0.017888 73
0.016533 73
0.017548 73
0.018455 73
0.017013 73
0.007748 19
0.000324 272
0.000099 36
0.000598 12
0.032870 116
73.177210 196
0.881922 183
0.991958 86
0.257808 116
62.654393 2
0.000346 22
0.000463 11
0.000129 1
0.000109 1
0.948719 4
0.500394 4
0.029512 4
0.031458 4
0.029435 4
0.029563 4
0.030227 4
0.030150 4
0.029926 4
0.030037 4
0.029892 4
0.030852 4
0.029388 4
0.030731 4
0.030323 4
0.029727 4
0.032632 4
0.026571 4
0.030898 4
0.028941 4
0.029807 4
0.029832 4
0.031926 4
0.029160 4
0.029628 4
0.030473 4
0.030591 4
0.028931 4
0.031037 4
0.029862 4
0.030863 4
0.029287 4
0.030814 4
0.029346 4
0.030897 5
0.029386 1
0.029793 1
0.030713 1
0.029348 1
0.515178 37
0.447032 67
0.015776 38
0.000527 116
56.183618 106
0.676528 202
0.020736 187
0.020187 382
0.001369 116
119.226959 135
0.845120 231
0.062867 31
1.861451 2
1.514927 69
0.233753 52
0.017968 46
0.001395 48
0.005571 128
0.016223 80
0.017806 69
0.016809 69
0.015988 325
0.000598 12
0.028644 116
51.829147 60
0.645350 171
0.000133 9
0.050148 31
1.752188 2
0.531942 74
2.348822 2
1.047931 64
0.225947 673
0.026364 116
14.242705 73
0.644862 193
0.051548 31
1.776766 2
1.477586 64
0.229745 44
0.017980 44
0.003849 47
0.031489 362
0.063662 259
0.020352 116
36.882274 56
0.750354 176
0.062325 61
0.000547 31
1.926184 2
1.460415 64
0.004772 57
0.000428 38
0.234083 14
0.018195 44
0.017107 109
0.157313 34
0.019116 35
0.015161 35
0.003522 60
0.026543 116
61.624287 121
0.762682 217
0.742208 82
0.015260 14
0.017915 116
30.986677 53
0.687320 173
0.920057 33
0.023563 116
6.329393 52
1.115069 162
0.499511 1
0.028713 1
0.032920 1
0.027820 1
0.029322 1
0.030409 1
0.029567 1
0.030851 1
0.029325 1
0.030751 1
0.029515 1
0.030409 1
0.029840 1
0.030804 1
0.029724 1
0.029366 1
0.030345 1
0.030545 1
0.029688 1
0.030900 1
0.029719 1
0.029700 1
0.030071 1
0.030119 1
0.029648 1
0.030232 1
0.030693 1
0.030557 1
0.030676 1
0.028555 1
0.029271 1
0.029798 1
0.031524 1
0.028604 1
0.030513 1
0.030647 1
0.155592 1
0.189932 1
0.646416 5
1.186700 3
0.210212 3
0.195436 3
0.216218 3
0.580495 3
0.234943 3
0.215646 3
0.369963 3
2.333045 3
0.216464 3
0.500055 3
0.030089 3
0.029337 3
0.029834 3
0.029590 3
0.030770 3
0.029437 3
0.030458 3
0.318412 11
0.019050 35
0.002287 116
3.065905 52
0.741787 162
0.499986 1
0.030659 1
0.029648 1
0.029976 1
0.029512 1
0.029441 1
0.030381 1
0.030226 1
0.031901 1
0.028276 1
0.030665 1
0.030230 1
0.030117 1
0.029752 1
0.030445 1
0.029150 1
0.030854 1
0.030005 1
0.029409 1
0.029680 1
0.029889 1
0.030889 1
0.029812 1
0.031661 1
0.033037 1
0.025509 1
0.029325 1
0.030659 1
0.029656 1
0.030858 1
0.029096 1
0.406654 1
0.271770 5
0.750855 11
0.575328 31
0.023553 116
1.554912 52
0.703545 162
0.501007 1
0.030146 1
0.029506 1
0.030496 1
0.029648 1
0.029755 1
0.029975 1
0.030184 1
0.031819 1
0.027921 1
0.030202 1
0.029946 1
0.030217 1
0.030581 1
0.029556 1
0.030190 1
0.030447 1
0.029765 1
0.030190 1
0.029552 1
0.029830 1
0.030672 1
0.029251 1
0.030598 1
0.030195 1
0.029551 1
0.030735 1
0.030736 1
0.030000 1
0.029083 1
0.030351 1
0.030015 1
0.031095 1
0.030255 1
0.029280 1
0.029148 1
0.031771 1
0.028595 1
0.030184 1
0.030147 1
0.320518 3
0.275279 3
0.290863 5
0.289877 3
0.191491 3
0.184547 3
0.591504 3
0.205642 3
0.344892 3
0.871540 5
1.552249 11
0.057935 190
0.008500 116
14.349195 112
0.647082 208
0.828936 82
0.040262 116
30.466204 121
0.692633 217
0.760987 82
0.007979 13
0.013104 116
50.887221 76
0.793395 196
0.048978 31
1.949159 2
1.479961 64
0.231118 411
0.024686 116
18.185843 118
0.784411 214
0.054653 31
1.708468 2
1.520055 69
0.249929 46
0.001883 48
0.000618 228
0.017414 55
0.007744 114
0.000496 12
0.035222 116
12.263739 36
0.660108 65
0.000183 8
0.000074 128
14.675606 126
0.690999 242
0.822408 82
5.154573 136
30.622199 2
1.872344 5
0.145379 1
3.242334 121
0.888682 237
0.788781 82
0.015843 14
0.013081 136
1098.260215 1
0.268395 1
0.085739 1
0.305882 2
0.000319 9
0.608016 57
0.023380 136
0.478312 1
0.209297 1
0.145627 1
0.230725 1
0.350650 11
0.000210 6
