0.068527 124
4.829953 1
0.187984 1
0.237227 1
0.229933 1
0.336682 4
0.156189 4
0.156216 4
0.165286 4
11.862032 1
0.196936 1
0.115735 1
0.144597 1
0.379502 1
0.596029 1
0.549645 4
0.224219 1
0.125815 1
0.114763 1
0.654328 1
0.092933 1
0.145079 11
0.023509 124
24.672761 26
0.665912 45
0.000456 116
3.818700 33
0.821073 59
0.071239 28
1.892243 2
0.137923 97
0.005718 116
12.607030 1
0.075518 1
0.191017 11
0.011848 151
0.000847 116
3.895824 1
0.096689 1
0.102091 1
0.109441 1
0.133415 1
0.275966 4
0.156210 4
0.163568 4
0.135521 4
0.288501 1
0.228218 1
0.082102 1
0.146324 1
0.378275 1
0.189266 1
0.191246 1
0.106744 1
0.143788 1
0.745706 1
0.181820 1
0.142987 1
0.313431 12
0.615745 11
0.027455 97
0.003928 116
17.659310 28
0.784303 49
0.038732 8
0.000408 54
0.000176 13
0.002599 58
0.000238 40
0.001079 176
0.000046 316
0.000024 92
0.000026 152
0.001324 375
0.000038 383
0.000054 120
0.000060 213
0.000043 72
0.000170 426
0.000132 235
0.000053 54
45.298325 18
0.000096 4
0.165101 22
0.207279 21
0.205232 22
0.185153 21
0.198120 19
0.173513 19
1.017356 19
1.364442 19
0.786880 6
0.000371 29
0.001261 22
2.141031 6
0.000069 9
0.001056 236
1.861572 12
0.000062 263
1.080737 113
0.000105 245
0.950958 6
0.010106 45
0.003331 37
0.000036 33
0.000224 53
0.000099 8
0.002819 116
2.390422 19
0.412421 44
0.588780 11
0.037193 37
0.062916 22
0.035383 22
0.035331 45
0.135406 60
0.046511 61
0.048499 62
0.087652 29
0.050748 25
0.039149 23
4.524479 28
0.003568 65
0.000437 65
0.000239 65
0.057597 372
0.107355 240
0.000458 25
0.259463 171
0.000087 205
0.000031 23
0.000238 256
0.000097 41
0.000098 205
0.000261 125
0.011453 116
2.754460 1
0.496826 1
0.196114 1
0.303081 1
0.166065 1
0.752592 1
0.106964 1
0.361370 1
0.169888 1
0.082020 1
0.159627 11
0.003310 56
0.000144 56
0.000253 56
0.000730 116
1.891706 1
0.134900 1
0.077270 1
0.117219 1
0.144562 1
0.490195 1
0.231554 1
0.200134 1
0.223087 11
0.044492 372
0.043068 116
2.247704 1
0.136316 1
0.185708 1
0.162516 1
0.081851 1
0.101288 1
0.161120 1
0.314084 1
0.082807 1
0.154926 11
0.402146 83
0.000037 105
0.000077 166
0.000025 24
0.000033 93
0.000077 187
0.000088 115
0.000029 21
0.000020 24
0.000063 171
0.000096 2
0.011828 116
1.574241 1
0.185421 1
0.246023 1
0.771517 1
0.480600 1
0.224960 11
0.009194 1039
0.000072 281
0.000818 116
10.637221 1
0.043516 1
0.257586 2
0.000035 9
0.000615 90
0.891322 1
0.086257 1
0.713204 1
0.595903 1
0.199490 1
0.293613 1
0.225527 1
0.402314 1
0.203501 1
0.201712 1
0.301664 1
0.549559 1
0.201684 1
0.181261 1
0.196422 1
0.612984 1
0.125244 1
0.201857 11
0.000230 116
1.031352 1
0.097342 1
0.162596 11
0.005213 99
0.000734 116
1833.755201 10
2.646137 34
0.000055 29
0.936011 160
0.000232 9
0.662558 320
0.526635 139
0.006040 116
8.034501 38
0.750916 69
0.036372 28
1.838115 2
0.131372 116
4.997095 32
0.702495 57
0.007650 74
0.000777 116
3.510400 31
0.736713 55
0.004941 145
0.000690 116
6.123161 36
0.697218 65
0.000517 136
3.839984 48
0.714891 89
1.068024 217
0.049733 209
0.023740 136
16.347686 45
0.888404 83
0.814044 90
0.000060 126
0.000045 86
0.000041 23
0.000051 58
0.000026 50
0.000076 135
0.013776 136
32.043238 82
0.783884 232
0.538257 82
0.009317 87
0.011825 136
14.059066 17
0.717117 27
0.005036 174
0.000552 136
12.503550 47
0.707188 87
0.823700 202
0.100443 206
0.100255 28
0.000069 178
0.099340 206
0.100728 206
0.099320 206
0.100390 206
0.099314 206
0.100409 206
0.100327 206
0.099679 206
0.100463 206
0.099530 206
0.100615 206
0.099400 206
0.100422 206
0.099386 28
0.000061 178
0.100357 206
0.099610 206
0.048174 402
0.013169 136
4.039573 38
0.908302 69
0.037790 136
6.398936 48
0.693492 89
0.837899 217
0.017203 200
0.099213 213
0.100818 204
0.099506 204
0.100299 204
0.099309 204
0.069231 213
0.012551 136
3.793668 82
0.726442 223
0.000144 9
0.557732 82
0.003805 106
0.013642 136
3.949672 82
0.870121 232
0.471691 82
0.003017 106
0.010421 136
16.646874 45
0.730169 83
0.893390 102
0.000042 165
0.000046 41
0.000093 12
0.000054 64
0.000041 8
0.000021 95
0.000025 97
0.012635 136
8.990143 36
0.178965 95
0.534382 11
0.522144 82
0.003251 106
0.011739 136
10.337233 95
0.735521 236
0.000145 9
0.474782 82
0.051069 168
0.012142 136
433.426749 74
0.764049 215
0.000270 9
0.069747 2
1.182970 210
0.016591 390
0.100207 385
0.099370 26
0.000066 359
0.100458 385
0.099576 385
0.100449 385
0.038326 394
0.019750 147
0.000146 136
231.190655 43
0.835483 79
0.503221 20
0.014678 136
4.596418 142
0.737139 249
0.000282 9
0.456035 79
10.010425 54
0.012760 15
0.000262 136
266.750024 172
0.767681 197
0.000329 9
0.870349 202
0.099550 206
0.100379 206
0.099412 206
0.100294 206
0.100369 381
0.000058 6
0.099362 387
0.102455 387
0.097792 387
0.100492 387
0.099581 28
0.000084 359
0.100116 381
0.000034 6
0.099333 387
0.100418 387
0.100340 387
0.099462 387
0.100385 381
0.000065 6
0.099290 387
0.100288 387
0.100395 387
0.099328 387
0.100312 387
0.099777 28
0.000101 359
0.040734 583
1.003108 22
0.000189 178
0.100032 207
0.000073 178
0.099349 385
0.100541 379
0.000064 187
0.099326 566
0.100437 566
0.099272 566
0.100308 198
0.000070 368
0.100340 26
0.000036 540
0.099597 566
0.100531 566
0.099201 566
0.099993 566
0.100643 566
0.100433 566
0.099638 566
0.099310 566
0.100396 566
0.100345 566
0.099390 566
0.100201 566
0.100609 566
0.099590 566
0.100431 566
0.099327 26
0.000082 540
0.100440 566
0.099382 198
0.000081 368
0.099746 198
0.000042 362
0.000048 6
0.100394 566
0.100326 566
0.099370 566
0.100366 198
0.000142 368
0.099763 198
0.000143 362
0.000070 6
0.100161 566
0.099365 379
0.000066 187
0.100326 26
0.000160 540
0.100203 566
0.099733 26
0.000072 540
0.099319 566
0.100478 379
0.000081 187
0.100390 566
0.099183 566
0.100095 566
0.100398 26
0.000131 540
0.099140 26
0.000123 540
0.100530 566
0.100313 566
0.099234 566
0.100713 566
0.099664 566
0.100330 566
0.099544 566
0.100161 26
0.000327 540
0.099035 566
0.100388 566
0.100477 566
0.099452 566
0.100142 566
0.100400 379
0.000071 187
0.099380 566
0.100697 566
0.099350 566
0.099581 26
0.000074 540
0.100187 26
0.000077 540
0.100221 560
0.000113 6
0.099399 566
0.068626 26
0.000059 549
0.017207 8
0.000057 128
29.524887 167
0.794497 168
0.000091 9
0.830950 88
0.000117 94
0.000049 55
0.000039 30
0.000020 14
0.000082 301
0.000052 2
0.093915 3
0.002775 136
358.581375 48
0.937452 80
0.000448 9
0.035782 8
0.000231 54
0.000080 13
0.001496 56
0.000772 176
0.000030 36
0.000093 372
0.000046 152
0.000284 17
5.567115 6
0.000441 65
0.001552 136
4.004890 39
0.595279 1
0.509555 1
0.031314 1
0.030884 1
0.031128 1
0.032396 1
0.031983 1
0.031009 1
0.046114 1
0.031992 1
0.389392 1
0.571328 24
1.346919 25
0.189420 25
0.166268 25
0.214418 25
0.170194 25
0.181479 25
0.192597 25
0.180358 25
0.206479 23
2.206666 3
0.502612 3
0.045434 3
0.030785 3
0.031466 3
0.032595 3
0.029456 3
0.031131 3
0.031555 3
0.030812 3
0.031651 1
0.046395 1
0.031464 1
0.031209 1
0.573702 2
0.000211 9
0.009038 8
0.000260 54
0.000143 13
0.003140 56
0.000716 176
0.000028 220
0.000039 188
0.000084 152
0.000109 17
139.116615 6
0.000560 8
0.011959 23
0.000035 6
0.001342 60
0.000030 31
0.000042 105
0.000141 523
0.000054 318
0.000041 186
0.000118 234
2.535377 22
0.350413 26
0.507386 18
0.000053 6
0.032367 18
0.030820 18
0.032152 18
0.031040 18
0.031191 18
0.047198 18
0.030694 18
0.030548 18
0.031307 18
0.031716 18
0.030073 18
0.030623 18
0.045720 18
0.031473 18
0.030718 18
0.031765 18
0.031070 18
0.031815 18
0.031495 18
0.032316 18
5.340113 6
0.002596 95
0.000126 83
2.403589 6
0.000418 18
0.304798 6
0.000505 17
2.780908 6
0.057599 14
0.000081 294
0.000026 86
0.000025 211
0.000065 131
0.000027 159
0.000043 32
0.000075 23
2.858740 6
0.000139 269
1.521730 6
0.000086 285
0.000245 88
1.440255 6
0.000777 45
0.004736 71
0.000251 53
0.000127 8
0.001842 8
0.000063 128
8.383418 1
0.092337 1
0.145932 1
0.207967 1
0.150576 1
0.181238 2
0.000279 9
0.000796 116
0.326548 1
0.116933 1
0.135846 11
0.008145 110
0.000816 116
3.520046 1
0.117838 1
0.112785 1
0.246225 1
0.634286 1
0.170553 1
0.165583 1
0.153233 1
0.127534 1
0.187770 11
0.045702 116
2.848989 1
0.426761 1
0.290035 1
0.070975 1
0.273606 11
0.000178 6
