0.058149 124
1.127553 4
0.479682 4
0.151688 5
0.167382 1
0.184210 1
48.781603 1
0.106368 1
0.217872 1
0.380634 1
0.200848 1
0.365660 4
0.134182 4
0.217827 1
0.068005 1
0.083603 1
0.228904 1
0.220056 1
0.115981 1
0.142241 2
0.000072 9
0.619856 152
0.000082 260
0.000031 17
0.005778 124
29.492488 1
0.091061 1
0.092783 1
0.256254 1
0.191928 1
0.100869 1
0.228206 1
0.767930 1
0.184291 1
0.099639 1
0.187891 1
0.136442 1
0.191141 1
0.196208 2
0.000075 9
0.638293 301
0.000041 154
0.000025 105
0.000064 146
0.005919 124
10.701959 15
0.853607 23
0.028027 904
0.000073 2
0.000692 124
43.497594 17
0.744482 27
0.047072 516
0.000099 78
0.001080 124
4715.859874 1
0.083894 1
0.144063 1
1.455276 1
0.150737 1
0.134051 1
0.154701 1
0.439772 1
0.270080 1
0.427094 1
0.189731 1
0.331197 1
0.683947 1
0.264438 1
0.436306 4
0.153102 4
0.118704 1
0.217652 1
0.155105 1
0.551568 2
0.002114 9
0.025454 70
0.002007 124
0.026309 11
0.000164 124
47.160971 22
1.275293 28
0.000349 9
0.081548 28
1.876704 2
0.161950 56
0.000494 152
0.003267 212
0.002093 212
0.002148 212
0.002318 212
0.002033 212
0.004617 212
0.002301 212
0.002610 212
0.002504 212
0.001574 213
0.001823 61
0.000069 152
0.002518 213
0.003247 213
0.002310 213
0.002918 213
0.004681 68
0.001758 179
0.003274 68
0.000189 179
0.002712 65
0.000209 182
0.002499 71
0.000297 182
0.007080 124
496.345176 24
0.851038 32
0.000167 9
0.015455 131
0.000921 74
0.000074 180
0.001199 124
45.712790 1
0.931556 4
0.613258 1
0.560609 1
0.096321 1
1.155629 1
0.560939 1
0.240128 1
0.280402 2
0.000195 9
0.017332 809
0.000066 112
0.000774 124
313.892143 1
0.127537 1
0.004724 1
0.869229 4
0.154832 4
0.438194 1
0.344322 4
0.080969 1
0.158022 1
0.101753 1
0.518814 1
0.303914 2
0.000685 9
0.001691 102
1.335331 1
0.074405 1
0.408456 1
0.196505 1
0.213526 1
0.179617 1
0.121681 1
1.055587 1
0.227922 1
0.223464 11
0.000348 8
0.000086 108
1.648924 1
0.179345 1
0.594164 4
0.153521 4
0.287525 1
0.088655 1
0.367360 1
0.640065 1
0.099564 1
0.149802 1
0.247441 11
0.008035 10
0.000036 418
0.000030 173
0.000960 116
3.782397 1
0.179768 1
0.130045 1
0.151493 1
0.126101 1
0.176534 1
0.634843 1
0.144155 1
0.166688 1
0.147958 1
1.060645 1
1.186509 11
0.007954 116
3.436419 1
0.063717 1
0.432871 1
0.193172 1
0.131021 1
0.218750 1
0.138290 1
0.763959 4
0.169119 4
0.191471 4
0.171594 4
0.180350 4
0.179736 4
0.070301 1
0.288014 4
0.165678 4
0.219117 1
0.211677 1
0.098292 1
0.122121 1
0.429382 1
0.450012 1
0.161360 1
0.176143 1
0.125781 1
0.008291 1
0.686348 1
0.187119 11
0.004617 56
0.000820 116
3.340732 11
0.321497 1
0.347689 1
0.521268 9
0.478120 2
0.000036 9
0.003977 123
0.001046 119
0.000076 135
0.000820 116
135.339897 143
1.194634 199
0.000048 16
0.000319 9
0.021568 131
0.000894 74
0.000214 180
0.004098 135
0.000393 254
0.000917 128
44.178255 21
0.844864 35
0.003797 137
0.000417 254
0.000827 128
19.475359 63
0.895695 165
0.000045 9
0.019759 41
0.000448 128
9.086533 1
0.151433 1
0.233099 1
1.274897 4
0.166264 4
0.194308 4
0.211409 1
3.062838 1
0.115616 1
0.188710 1
1.333822 1
0.084233 1
0.150048 1
0.236854 2
0.000104 9
0.006470 9
0.000116 272
0.001061 128
210.013474 51
0.760878 86
0.000237 9
0.032452 28
6.944204 2
1.998684 19
0.000087 28
5.888721 2
0.349786 263
0.000983 128
125.543612 38
1.290550 60
0.000262 9
0.654623 22
0.018827 128
4.481995 36
0.844445 65
3.547876 22
0.003537 128
128.880113 35
0.783928 54
0.000204 9
0.039743 115
0.003638 128
49.168770 28
0.975614 49
0.659505 171
0.005538 128
12.319502 21
0.861798 35
0.502840 198
0.000045 85
0.000055 165
0.000034 73
0.000079 132
0.000027 51
0.000034 42
0.000037 113
0.000053 33
0.005533 128
31.323251 25
0.862144 43
0.477282 171
0.004996 128
91.372647 47
0.896884 78
0.000231 9
0.960491 45
0.006824 128
32.104999 39
0.772258 71
0.004316 2905
0.000566 128
163.509484 33
0.790403 50
0.000246 9
0.440443 98
0.000234 850
0.000043 544
0.000121 1152
0.000517 1152
0.000074 2880
0.000272 1728
0.000059 672
0.000058 192
0.000102 192
0.000162 672
0.000064 864
0.000079 480
0.000162 480
0.000046 96
0.000142 1824
0.000294 1248
0.000083 288
0.000076 288
0.000225 1920
0.000073 384
0.000064 96
0.000306 1920
0.000064 1056
0.000139 1344
0.000065 192
0.000364 960
0.000068 768
0.000058 192
0.000020 96
0.000088 768
0.000022 96
0.000181 768
0.000028 480
0.000535 766
0.000098 3554
0.000187 672
0.000249 1152
0.000057 190
0.000174 1634
0.000024 96
0.000054 288
0.000025 192
0.000049 96
0.000190 2304
0.000276 1440
0.000039 670
0.000250 866
0.000093 2112
0.000022 576
0.000369 1056
0.000069 480
0.000101 384
0.000070 192
0.000027 192
0.000058 288
0.000031 960
0.000059 192
0.000049 576
0.000048 288
0.000379 672
0.000047 1632
0.000047 480
0.000020 288
0.000060 1056
0.000030 192
0.000077 960
0.000026 288
0.000218 672
0.000169 768
0.000189 1632
0.000051 1920
0.000022 96
0.000055 480
0.000027 384
0.000359 2304
0.000068 1344
0.000052 480
0.000373 3456
0.000059 384
0.000064 384
0.000165 96
0.000205 2304
0.000055 670
0.000051 98
0.000139 672
0.000037 672
0.000075 384
0.000024 192
0.000079 288
0.000150 1248
0.000070 672
0.000028 96
0.000098 1438
0.000023 2
0.000207 768
0.000033 768
0.000050 480
0.000115 192
0.000195 1632
0.000070 288
0.000044 288
0.000040 192
0.000020 384
0.000148 1056
0.000038 480
0.000221 1344
0.000135 960
0.000027 480
0.000170 1632
0.000024 384
0.000023 192
0.000079 384
0.000170 384
0.000198 576
0.000037 288
0.000081 288
0.000099 384
0.000044 960
0.000185 1056
0.000182 670
0.000023 290
0.000100 288
0.000221 960
0.000028 480
0.000066 96
0.000177 1536
0.000100 768
0.000062 96
0.000164 864
0.000063 576
0.000169 1824
0.000076 288
0.000051 96
0.000036 864
0.000046 480
0.000175 192
0.000030 288
0.000092 1056
0.000050 192
0.000024 96
0.000042 288
0.000065 192
0.000229 1152
0.000027 576
0.000024 384
0.000034 478
0.000025 98
0.000025 192
0.000237 1150
0.000079 672
0.000032 98
0.000056 96
0.000159 1536
0.000069 576
0.000238 1536
0.000086 768
0.000164 1152
0.000062 576
0.000290 2400
0.000076 288
0.000123 576
0.000059 864
0.000173 864
0.000118 288
0.000061 96
0.000091 480
0.000058 384
0.000165 768
0.000025 96
0.000102 672
0.000051 192
0.000024 96
0.000102 768
0.000123 192
0.000094 768
0.000042 96
0.000032 864
0.000366 2112
0.000055 576
0.000401 1824
0.000174 864
0.000054 192
0.000093 1248
0.000337 1344
0.000189 1152
0.000200 1440
0.000046 576
0.000069 192
0.000055 480
0.000027 864
0.000067 288
0.000263 1920
0.000218 1440
0.000031 960
0.000064 96
0.000147 960
0.000032 288
0.000028 288
0.000116 96
0.000032 288
0.000060 480
0.000059 96
0.000024 96
0.000162 864
0.000026 768
0.000121 480
0.000019 192
0.000086 1152
0.000218 864
0.000048 672
0.000374 2016
0.000145 1248
0.000120 1248
0.000057 480
0.000217 288
0.000167 1440
0.000131 576
0.000050 288
0.000120 1056
0.000026 288
0.000088 96
0.000024 96
0.000025 288
0.000091 864
0.000172 1248
0.000028 96
0.000066 288
0.000021 96
0.000051 192
0.000260 1632
0.000229 2112
0.000056 672
0.000139 288
0.000020 192
0.000067 864
0.000027 96
0.000056 288
0.000048 672
0.000286 768
0.000058 1630
0.000019 98
0.000023 192
0.000017 96
0.000172 480
0.000310 3360
0.000179 1056
0.000030 384
0.000045 288
0.000050 384
0.000225 1056
0.000029 480
0.000023 288
0.000023 288
0.000081 1152
0.000024 96
0.000427 1824
0.000048 768
0.000022 192
0.000025 288
0.000022 288
0.000025 384
0.000022 192
0.000307 1150
0.000029 674
0.000169 2304
0.000045 480
0.000062 288
0.000331 2400
0.000039 480
0.000114 1152
0.000071 288
0.000243 576
0.000085 1344
0.000088 288
0.000046 192
0.000025 288
0.000112 768
0.000050 672
0.000054 384
0.000236 1150
0.000042 290
0.000037 288
0.000043 480
0.000090 1056
0.000038 672
0.000019 192
0.000048 672
0.000054 288
0.000046 384
0.000060 96
0.000246 1152
0.000089 862
0.000033 98
0.000052 576
0.000038 288
0.000029 574
0.000056 578
0.000022 288
0.000079 192
0.000464 2976
0.000067 864
0.000063 384
0.000115 1728
0.000070 960
0.000297 576
0.000060 192
0.000115 1920
0.000059 480
0.000024 192
0.000150 1248
0.000028 288
0.000143 288
0.000236 480
0.000073 862
0.000043 962
0.000031 574
0.000024 290
0.000137 1440
0.000290 1632
0.000034 864
0.000023 192
0.000142 768
0.000167 1344
0.000067 288
0.000095 96
0.000046 288
0.000098 96
0.000024 96
0.000208 288
0.000521 1536
0.000094 1056
0.000085 960
0.000038 96
0.000078 576
0.000064 288
0.000507 960
0.000057 1056
0.000059 672
0.000025 384
0.000093 864
0.000531 96
0.000242 1728
0.000025 384
0.000190 768
0.000307 1248
0.000037 960
0.000025 288
0.000031 288
0.000018 192
0.000091 864
0.000035 864
0.000026 288
0.000040 576
0.000075 864
0.000032 192
0.000026 192
0.000027 384
0.000024 288
0.000128 480
0.000032 288
0.000349 1248
0.000254 1920
0.000069 288
0.000024 96
0.000188 574
0.000035 578
0.000079 288
0.000130 382
0.000149 578
0.000028 1536
0.000103 768
0.000177 576
0.000152 480
0.000114 672
0.000175 1344
0.000054 576
0.000226 960
0.000187 288
0.000029 672
0.000054 288
0.000024 574
0.000186 674
0.000031 384
0.000279 864
0.000064 768
0.000284 1152
0.000027 192
0.000063 768
0.000341 960
0.000058 672
0.000177 1152
0.000144 960
0.000107 864
0.000043 192
0.000337 2304
0.000154 384
0.000185 288
0.000042 192
0.000129 768
0.000026 96
0.000078 288
0.000062 768
0.000211 480
0.000040 672
0.000139 672
0.000238 1344
0.000100 288
0.000031 480
0.000048 192
0.000054 192
0.000200 768
0.000034 672
0.000076 960
0.000281 2400
0.000059 192
0.000151 1152
0.000031 384
0.000026 384
0.000109 480
0.000191 1344
0.000025 480
0.000089 574
0.000023 98
0.000252 1632
0.000049 382
0.000094 386
0.000212 1728
0.000021 192
0.000038 384
0.000196 864
0.000037 960
0.000026 384
0.000073 384
0.000159 1056
0.000054 384
0.000049 768
0.000079 384
0.000169 672
0.000025 384
0.000085 480
0.000146 960
0.000235 480
0.000042 768
0.000023 192
0.000045 958
0.000025 290
0.000078 864
0.000068 192
0.000032 480
0.000275 1440
0.000072 1440
0.000025 192
0.000153 768
0.000049 96
0.000065 192
0.000078 384
0.000156 864
0.000030 1056
0.000119 384
0.000023 288
0.000089 1152
0.000024 576
0.000052 96
0.000259 480
0.000041 1056
0.000067 864
0.000159 672
0.000070 864
0.000024 288
0.000113 864
0.000086 672
0.000156 576
0.000105 1056
0.000195 1248
0.000072 864
0.000028 672
0.000090 192
0.000206 1056
0.000028 192
0.000085 480
0.000085 192
0.000046 192
0.000097 288
0.000146 1248
0.000075 480
0.000025 384
0.000079 192
0.000289 1248
0.000106 960
0.000203 960
0.000030 480
0.000086 672
0.000269 1056
0.000177 1056
0.006193 1152
0.000098 3168
0.000030 864
0.000074 1056
0.000104 384
0.000118 672
0.000232 2304
0.000031 480
0.000107 958
0.000129 674
0.014434 768
0.000144 4095
0.018565 8192
0.000146 4095
0.017279 4095
0.000204 4095
0.000123 4095
0.020438 8192
0.000096 4095
0.000097 4095
0.007545 4095
0.000130 4095
0.011188 4095
0.014207 4095
0.000128 4095
0.026161 8192
0.000136 4095
0.000066 2637
0.000037 192
0.000130 672
0.000034 1248
0.000021 384
0.000036 192
0.000019 288
0.020222 1632
0.000124 4095
0.000162 4095
0.028920 8192
0.000133 4095
0.031916 8192
0.000125 4095
0.000044 4095
0.000041 4095
0.015839 7236
0.000129 4095
0.034756 4095
0.000218 4095
0.006028 8192
0.000177 4095
0.024601 8192
0.000147 4095
0.037895 4095
0.000121 4095
0.000099 8192
0.007876 7911
0.018389 4095
0.000165 4095
0.036478 8192
0.000146 4095
0.008794 4095
0.000203 4095
0.027330 8192
0.000137 4095
0.017568 4095
0.000134 4095
0.020419 4095
0.000116 4095
0.019715 8192
0.000162 4095
0.017522 2669
0.023547 4095
0.000120 4095
0.041986 4095
0.000229 4095
0.000074 4095
0.021964 4095
0.000140 4095
0.000221 4095
0.033394 4095
0.000125 4095
0.000044 4095
0.011643 4095
0.010694 4095
0.000155 4095
0.046531 8192
0.000150 4095
0.022261 4095
0.000177 4095
0.000097 4095
0.044980 8192
0.000146 4095
0.009884 4095
0.025920 4095
0.000119 4095
0.000043 4095
0.048804 6647
0.000154 4095
0.000137 4095
0.033282 8192
0.000126 4095
0.012063 4095
0.013339 4095
0.000258 4095
0.037600 4095
0.010520 4095
0.000173 4095
0.041559 4095
0.000120 4095
0.034350 4095
0.000068 4095
0.000204 4095
0.012962 4095
0.014186 4095
0.000139 4095
0.049261 4095
0.000160 4095
0.000131 4095
0.026156 8192
0.000127 4095
0.026071 4095
0.025153 4095
0.000137 4095
0.025269 4095
0.000106 4095
0.000064 4095
0.063747 8192
0.000115 4095
0.000061 4095
0.027507 8192
0.000203 4095
0.027760 4095
0.014034 4095
0.000129 4095
0.015321 4095
0.026180 4095
0.000150 4095
0.012370 4095
0.014854 4095
0.000146 4095
0.040590 4095
0.014881 4095
0.000167 4095
0.030085 4095
0.014154 4095
0.000096 4095
0.026243 4095
0.000078 174
174.000358 26
0.812304 36
0.000283 9
0.000514 116
4.892010 45
1.220040 74
0.000087 9
0.000975 116
5.487628 31
1.133091 46
0.000216 9
0.003782 116
6.447739 33
1.317463 59
0.003529 116
4.419916 43
1.087872 70
0.000070 9
0.004945 208
0.000757 116
87.241398 22
0.711350 28
0.000198 9
0.003716 116
3.925022 21
0.751518 35
0.002901 18
0.000606 116
3.922792 20
1.065918 33
0.002807 41
0.000521 116
75.980324 50
0.666076 161
0.000254 9
0.012558 95
0.000620 116
4.095732 52
0.674311 172
0.003187 96
0.000550 116
3.669885 52
0.682446 163
0.000071 9
0.007627 97
0.000930 116
3.930604 52
0.589704 163
0.000070 9
0.047509 97
0.000876 116
22.506781 10
2.425138 55
1.122504 166
0.502155 1
0.030991 1
0.046208 1
0.031349 1
0.031171 1
0.031149 1
0.035086 1
0.026921 1
0.030444 1
0.030639 1
0.046886 1
0.031741 1
0.030094 1
0.031785 1
0.035450 1
0.026353 1
0.031957 1
0.030493 1
0.047316 1
0.030601 1
0.032290 1
0.030939 1
0.030957 1
0.030410 1
0.030808 1
0.030893 1
0.031613 1
0.047470 1
0.031350 1
0.030345 1
0.031149 1
0.030515 1
0.032001 1
0.031097 1
0.030468 1
0.046736 1
0.030503 1
0.031092 1
0.032110 1
0.030685 1
0.379249 1
0.254610 1
0.308181 1
0.624560 5
0.450255 11
0.003658 129
0.000531 74
0.000029 310
0.000141 385
0.000059 273
0.000075 111
0.000069 254
0.000739 116
211.488133 1
0.067021 1
0.154374 1
0.151955 1
0.708804 1
1.117780 1
0.213843 1
0.293896 1
0.258559 1
0.496845 1
0.129732 1
0.813393 1
0.905734 1
0.129433 1
0.894992 2
0.000316 9
0.014803 8
0.000069 54
0.000075 13
0.001985 56
0.000650 146
0.000196 277
0.000111 200
0.000270 17
4.954799 6
0.000681 8
0.142262 29
0.001143 124
0.000144 312
0.000028 98
0.000100 228
2.504061 6
0.000089 142
0.000063 99
1.280869 6
0.000187 279
0.000081 62
0.553391 6
0.000651 45
0.002977 37
0.000053 34
0.000215 9
0.000055 52
0.001525 116
2.134979 1
0.137757 1
0.069380 1
0.118566 1
0.383673 1
0.155888 1
0.167035 1
0.191891 1
0.096285 1
0.243736 2
0.000129 9
