0.034921 124
3.961382 43
1.888325 79
0.011758 28
1.903732 2
0.121283 78
0.003201 124
15.097863 26
0.709639 45
0.000307 116
0.546792 17
0.367815 51
1.085224 11
0.023058 12
0.004134 116
8.616340 658
0.000050 613
0.000072 252
0.000201 2048
0.000143 2048
0.000072 1024
0.000187 3072
0.000140 3072
0.000113 2048
0.000160 3072
0.000195 2048
0.000057 1024
0.000064 1024
0.000183 2048
0.000216 4095
0.000179 3073
0.000046 1024
0.000183 3072
0.000143 2048
0.000038 1024
0.000205 4095
0.000030 1025
0.000126 3072
0.000057 2048
0.000159 3072
0.000115 3072
0.000041 1024
0.000107 1024
0.000059 3072
0.000046 1024
0.000153 3072
0.000088 2048
0.000045 2048
0.000139 1205
1.810776 3072
0.000146 3072
0.000051 2048
0.000059 1024
0.000063 1024
0.000140 2048
0.000153 3072
0.000195 3072
0.000154 3072
0.000106 2048
0.000199 3072
0.000193 3072
0.000193 4095
0.000045 1025
0.000132 2048
0.000034 1024
0.000091 2048
0.000064 1024
0.000023 1024
0.000192 3072
0.000069 2048
0.000104 2048
0.000047 1024
0.000160 1024
0.000239 2048
0.000052 1024
0.000047 1024
0.000250 4095
0.000063 3073
0.000092 2048
0.000190 3072
0.000150 3202
8.089128 11
0.000883 19
0.000080 116
25.557215 12
1.541498 5
5.544015 11
0.000204 116
5.756757 26
0.912368 45
0.054400 62
0.047776 116
8.091071 137
1.703725 146
0.507721 4
0.030423 4
0.030996 4
0.030535 4
0.046073 4
0.031886 4
0.031910 4
0.029601 4
0.030895 4
0.030814 4
0.031010 4
0.031655 4
0.046163 4
0.032920 4
0.030729 4
0.032114 4
0.030450 4
0.030075 4
0.030835 4
0.031151 4
0.046527 4
0.031950 4
0.030831 4
0.030292 4
0.031844 4
0.031488 4
0.031174 4
0.030318 4
0.047750 4
0.031760 4
0.031525 4
0.030213 4
0.031024 4
0.030775 4
0.030280 4
0.030855 4
0.046147 4
0.031861 4
0.030990 4
0.031631 4
0.031584 4
0.030873 4
0.030424 4
0.031114 4
0.045683 4
0.030553 4
0.032430 4
0.031374 4
0.031912 4
0.030293 4
0.030536 4
0.031210 4
0.046338 4
0.031355 4
0.032409 4
0.029364 4
0.032396 4
0.030262 4
0.031022 4
0.030797 291
0.031684 4
0.045751 4
0.032197 4
0.028893 4
0.032280 4
0.029861 4
0.032075 4
0.033306 4
0.030336 4
0.045476 4
0.031519 4
0.031301 4
0.030840 4
0.031047 4
0.031718 4
0.032265 4
0.029912 4
0.047164 4
0.031570 4
0.029914 4
0.031596 4
0.029890 4
0.032578 4
0.031685 4
0.031185 4
0.031035 4
0.047461 4
0.029873 4
0.031487 4
0.030811 4
0.031205 4
0.030675 4
0.030571 4
0.030671 4
0.048274 4
0.030695 4
0.030928 4
0.029972 4
0.030940 4
0.032103 4
0.030634 4
0.045952 4
0.032534 4
0.029518 4
0.031708 4
0.030870 4
0.030251 4
0.031190 4
0.031166 4
0.046330 4
0.030073 4
0.030535 4
0.030943 4
0.030199 4
0.031726 4
0.031526 4
0.047112 1
0.031610 1
0.031436 1
0.030680 1
0.031441 1
0.032414 1
0.031947 1
5.193098 60
0.824086 180
0.040545 116
3.904006 34
0.668048 61
1.028887 116
22.692988 29
0.877280 51
0.020615 131
0.000586 8
0.000040 108
3.952787 21
0.707611 35
0.553936 70
0.000065 2
0.006266 116
434.768114 60
0.748401 180
6.828991 103
0.008221 116
4.622592 43
0.926298 79
0.035591 12
0.003570 116
10.145826 22
0.710679 37
0.014521 31
0.000822 8
0.000172 108
52.456933 113
52.298199 33
0.659090 59
0.090183 54
0.076973 116
3.782378 42
0.681829 77
0.071166 48
0.079299 116
3.669849 49
0.623509 91
0.089158 38
0.078108 116
3.425302 46
0.642745 85
0.029077 28
0.012331 52
0.637390 60
0.000437 258
0.001142 28
0.000817 40
0.002632 32
0.001191 71
0.001009 6
0.023153 8
0.003875 116
132.443350 35
0.784600 63
0.021572 67
0.003064 116
32.744946 42
0.691417 77
0.032775 99
0.003214 116
7.285224 29
0.693018 51
0.057014 8
0.000075 67
0.001770 58
0.000471 39
0.000626 572
0.000289 162
4.146471 22
0.262589 21
24.410380 23
0.555596 24
0.575420 35
0.000440 104
1.822636 167
0.000059 77
0.613630 6
0.000294 342
1.330480 6
0.000311 45
0.012250 69
0.000068 53
0.000085 8
0.003655 116
3.988853 20
0.210959 11
0.022286 8
0.000146 67
0.000455 97
0.000445 303
0.000075 214
0.000047 55
0.000326 161
5.214327 6
0.000214 65
0.003731 116
16.849532 20
0.346358 11
0.023497 8
0.000143 67
0.000350 97
0.000629 572
0.000309 161
3.646793 6
0.000065 16
1.394565 18
0.512557 18
0.008156 21
0.249531 19
0.505541 19
0.031060 19
0.030746 19
0.047335 19
0.030712 19
0.031273 19
0.031422 19
0.031693 19
0.031243 18
0.000080 1
0.030647 19
0.031993 19
0.030612 19
0.046426 19
0.030550 19
0.031188 34
0.031949 19
0.031431 19
0.032620 19
0.031006 19
0.030823 19
0.030622 19
0.048227 19
0.031503 19
0.031674 19
0.031369 19
0.032145 18
0.000077 1
0.030128 19
0.032757 19
0.030727 19
0.030159 18
0.000051 1
0.045209 19
0.031008 19
0.031814 19
0.031325 19
0.135873 19
0.186528 19
0.177796 19
0.175917 19
0.162149 18
0.000075 1
0.404698 6
0.000119 29
0.000476 23
0.511827 19
0.000059 4
0.031504 23
0.030947 25
0.030801 23
0.031436 18
0.000057 5
0.419376 19
0.334983 23
0.501931 23
0.031434 23
0.045874 23
0.030504 18
0.000055 5
0.031279 23
0.030508 23
0.031067 23
0.030835 23
0.030748 23
0.046685 23
0.030385 23
0.033070 23
0.030467 23
0.030935 23
0.031885 23
0.031250 23
0.204849 6
0.000041 17
0.184711 23
0.181982 6
0.000064 17
0.189081 23
0.181522 6
0.000060 17
0.173907 6
0.000056 17
0.173288 23
0.172276 23
0.175955 23
0.184939 6
0.000064 17
0.176868 23
0.181368 23
0.194037 23
0.335867 6
0.000060 17
2.275097 6
0.000577 48
1.457658 21
0.510131 21
0.032031 18
0.000034 3
0.032041 18
0.000036 3
0.030646 21
0.031363 21
0.031256 21
0.030550 21
0.047527 18
0.000058 3
0.030216 18
0.000034 3
0.031540 18
0.000063 3
0.029344 18
0.000068 3
0.031652 21
0.030977 18
0.000058 3
0.029272 21
0.046809 21
0.032373 21
0.030782 18
0.000054 3
0.031116 21
0.031458 21
0.030706 21
0.030496 21
0.031866 6
0.000114 15
0.045790 21
0.032194 21
0.030642 21
0.031125 6
0.000054 15
0.030842 19
0.000057 2
0.031109 21
0.029158 21
0.046036 21
0.030531 21
0.031595 21
0.031089 21
0.031106 21
0.030043 22
0.032304 6
0.000057 19
0.030975 21
0.031278 19
0.046786 21
0.598581 58
0.000053 33
1.214745 26
0.000769 7
0.454333 33
0.879689 245
1.011877 6
0.000259 61
0.003725 116
0.524887 20
0.237791 11
0.023126 8
0.000033 67
0.000372 58
0.000091 39
0.000613 487
0.000228 85
0.000160 161
0.733651 21
0.420317 22
0.169132 19
0.512715 18
0.000080 1
0.030459 19
0.032235 19
0.031219 19
0.030989 19
0.030642 19
0.032131 19
0.030739 19
0.046010 19
0.031744 19
0.030696 19
0.031679 19
0.030831 19
0.031739 19
0.030758 19
0.030191 19
0.045233 34
0.032081 19
0.030487 19
0.031924 18
0.000057 1
0.030917 19
0.030608 18
0.000077 1
0.030364 19
0.047838 19
0.031556 19
0.031774 19
0.031861 19
0.030678 19
0.030956 19
0.031012 18
0.000057 1
0.032322 19
0.031262 18
0.000067 1
0.030843 18
0.000072 1
0.046020 19
0.030517 19
0.030786 19
0.199658 19
0.181362 19
0.393471 6
0.000129 29
0.000405 23
0.510858 18
0.000065 5
0.377709 19
0.360034 18
0.000072 5
0.502893 19
0.000056 4
0.029969 25
0.047065 18
0.000070 5
0.031093 18
0.000030 5
0.032225 18
0.000033 5
0.030145 23
0.031527 18
0.000076 5
0.032229 18
0.000065 5
0.031827 18
0.000032 5
0.030631 18
0.000033 5
0.031365 23
0.031354 18
0.000031 5
0.046199 18
0.000061 5
0.030159 23
0.031823 18
0.000068 5
0.031035 18
0.000032 5
0.031235 23
0.030622 23
0.030608 23
0.046683 23
0.030291 18
0.000111 5
0.030969 23
0.032362 18
0.000043 5
0.030492 18
0.000064 5
0.031472 18
0.000032 5
0.031802 23
0.166672 23
0.164549 18
0.000031 5
0.178135 18
0.000118 5
0.173976 18
0.000052 5
0.239978 18
0.000034 5
0.310043 18
0.000057 5
0.313545 23
0.943217 6
0.000364 97
2.043762 198
0.000055 47
0.473680 79
0.000250 269
0.723075 6
0.000113 45
0.004221 69
0.000255 61
0.003661 116
6.130334 37
0.851596 67
0.523585 116
3.663176 22
0.740647 37
0.031494 116
6.975493 31
0.703129 55
0.004634 145
0.000511 8
0.000077 108
303.106740 227
1.092330 299
0.000189 9
0.760068 66
0.675915 8
0.000061 108
50.166643 91
0.865262 90
0.028415 1522
0.000220 507
0.000037 68
0.527546 16
2.278076 2
0.006546 86
0.016414 116
18.450613 51
0.954097 162
0.000054 9
0.876069 1
0.147264 1
0.270890 2
0.034536 16
3.237026 2
0.048812 59
0.002867 286
0.011363 82
0.000241 7
12.534202 1
0.273127 1
0.258422 1
0.208025 1
0.331056 9
0.148022 9
0.358919 1
0.083281 1
0.298786 2
0.013601 5
0.013904 116
134.344429 54
0.676308 165
0.000059 9
0.125769 108
0.052363 58
0.126858 116
4.481335 46
1.019784 85
0.025891 31
0.002213 137
0.030902 76
0.003342 116
3.629539 31
0.677408 46
0.000069 9
0.011905 145
0.000536 8
0.000098 108
235.794233 32
0.692489 47
0.007959 11
0.000195 10
1.533091 11
0.055664 29
0.141913 64
0.028583 64
0.073405 66
0.296062 70
0.009188 33
0.000692 37
0.040111 54
0.512624 81
0.001185 68
0.410757 64
0.219555 116
3.168686 131
1.692984 138
0.000073 9
0.221583 124
0.140388 63
2.612564 1595
0.023544 116
40.717230 181
1.746278 120
0.000290 63
0.502380 4
0.032234 4
0.030931 4
0.047352 4
0.031867 4
0.031845 4
0.030414 4
0.030473 4
0.031398 4
0.032316 4
0.031094 4
0.031510 4
0.044967 4
0.031844 4
0.030981 4
0.031829 4
0.030298 4
0.032481 4
0.030558 4
0.031153 4
0.030294 4
0.045224 4
0.031514 4
0.030548 4
0.030601 4
0.031500 4
0.032065 4
0.031551 4
0.045339 4
0.031381 4
0.030510 4
0.031655 4
0.031154 4
0.031004 4
0.030946 4
0.031504 4
0.031958 4
0.046908 4
0.031184 4
0.029938 4
0.032247 4
0.031701 4
0.030536 4
0.031503 4
0.030759 4
0.046320 4
0.030924 4
0.031849 4
0.030363 4
0.032736 4
0.029686 4
0.031570 4
0.032090 4
0.045287 4
0.030873 4
0.030547 4
0.030141 4
0.032951 4
0.031829 174
0.030872 4
0.030231 4
0.046433 4
0.031280 4
0.030526 4
0.032073 4
0.030804 4
0.031298 4
0.032138 4
0.031648 4
0.030680 4
0.045732 4
0.032057 4
0.031344 4
0.030972 4
0.030671 4
0.031264 4
0.030434 4
0.031370 4
0.046128 4
0.031757 4
0.030962 4
0.031705 4
0.030959 4
0.031396 4
0.031441 4
0.030285 4
0.031202 4
0.046630 4
0.032064 4
0.030061 4
0.031877 4
0.030211 4
0.031294 4
0.031736 4
0.031747 4
0.047317 4
0.030056 4
0.032382 4
0.030537 4
0.032068 4
0.030755 4
0.031003 4
0.031450 4
0.030340 4
0.046059 4
0.032698 4
0.031274 4
0.030616 4
0.030795 4
0.031916 4
0.030727 4
0.031327 4
0.031676 4
0.046445 4
0.031563 4
0.031963 204
0.031217 4
0.031428 5
0.030903 5
0.030912 4
0.030893 4
0.045468 4
0.031409 4
0.031770 4
0.030381 4
0.031009 4
0.031568 4
0.031678 4
0.030343 4
0.031081 4
0.047024 5
0.031799 5
0.030518 4
0.032629 5
0.032405 5
0.030685 4
0.030983 4
0.031174 1
0.032587 1
0.051313 1
0.026442 1
0.028867 1
0.032403 1
4.902109 136
0.951568 143
0.000109 9
0.065354 117
0.140843 64
3.246086 14
1.004167 68
1.002480 68
1.001191 68
1.000111 68
0.999122 68
0.998119 68
0.921482 1825
0.019000 8
0.000066 108
141.958844 44
0.692621 72
0.000110 9
0.049018 29
0.044730 64
0.028360 64
0.091344 66
0.294403 103
0.000634 37
0.584468 81
0.001769 68
0.004727 54
0.001208 12
0.003534 84
0.178616 47
0.000913 28
0.115386 64
0.095867 103
0.013271 22
0.373557 149
0.004394 58
0.042203 146
0.062901 238
0.000441 112
0.591955 29
0.150424 16
0.064472 80
0.039893 259
0.002953 26
0.027453 26
0.027361 26
0.026208 26
0.031075 26
0.023363 26
0.022234 26
0.025938 26
0.023525 26
0.027773 100
0.002262 57
0.000310 148
0.008218 148
0.005134 41
0.038408 148
0.055971 48
0.007064 206
0.009078 36
0.086770 148
0.035838 52
0.007174 209
0.005400 37
0.025048 148
0.052219 42
0.005277 148
0.013528 148
0.006124 38
0.004891 148
0.004736 148
0.005167 37
0.038938 148
0.270932 148
0.005724 53
1.704901 56
0.657915 20
0.481753 116
4.215660 60
0.723367 180
7.343195 103
0.003471 116
5.364360 43
0.833770 79
0.023878 12
0.003589 116
0.034376 11
0.000060 116
3.818804 24
0.703084 41
0.020055 65
0.000218 65
0.000324 65
0.003699 116
3.720311 14
0.807175 21
0.045012 687
0.001083 116
21.075571 33
0.946822 59
0.508802 54
0.070937 116
7.769044 41
0.704110 75
6.435502 47
0.082705 116
8.710168 53
0.946200 164
0.000059 9
0.354468 37
0.088332 116
3.906776 44
0.716738 81
1.484766 28
0.776268 52
0.587908 60
0.000319 231
0.000061 44
0.000934 32
0.000298 44
0.004756 32
0.000084 65
0.000228 10
0.000986 10
0.704234 8
0.004259 116
19.869466 35
1.048616 63
0.031449 116
3.401675 40
0.680072 73
0.034660 97
0.003325 116
28.452265 29
0.675750 51
0.580940 75
0.001953 58
0.000529 39
0.000522 244
0.000146 328
0.000343 161
27.575276 6
0.000102 16
0.013388 25
0.957357 22
0.370341 19
0.506511 18
0.000060 1
0.030572 18
0.000086 1
0.034021 19
0.031410 19
0.030969 18
0.000204 1
0.046516 19
0.031864 19
0.032337 19
0.029743 19
0.030834 19
0.030463 19
0.031921 19
0.029869 19
0.048126 19
0.031751 19
0.030964 34
0.030553 19
0.032217 19
0.030268 19
0.031523 19
0.030992 19
0.029808 18
0.000069 1
0.045979 19
0.031825 19
0.030761 19
0.029263 19
0.031562 19
0.032026 19
0.135621 18
0.000070 1
0.179727 19
0.171199 19
0.168369 19
0.166682 18
0.000120 1
0.161114 19
0.640955 18
0.000253 1
0.298016 22
0.857874 6
0.009337 29
0.000098 110
2.302602 245
1.117201 19
0.741739 177
0.000061 153
0.000069 18
0.569765 6
0.001154 45
0.003529 69
0.000451 61
0.003479 116
5.493132 22
0.713024 37
0.030128 134
0.003824 116
5.473379 32
0.950513 57
0.006499 113
0.000932 8
0.000072 108
17.768562 40
0.792879 165
0.542320 116
5.643311 47
0.801627 87
0.030082 273
0.002918 581
0.000817 33
0.000449 33
0.007316 116
7.895321 40
0.695395 73
0.022267 203
0.032597 71
0.006956 70
0.004017 116
16.877428 61
0.742734 181
0.041078 41
0.004575 116
20.043320 64
0.784998 184
0.027108 116
17.973389 31
0.724311 55
0.024955 69
0.003677 116
9.480095 38
0.764288 69
0.032739 325
0.000170 72
0.001789 4
0.003725 116
14.231661 68
0.727832 188
0.025523 116
7.587995 38
0.885317 60
0.000301 9
0.037741 325
0.000055 70
0.000083 2
0.002013 4
0.003890 116
16.959723 20
0.711279 33
0.015218 77
0.000778 116
4.379262 28
0.834867 49
0.013958 55
0.000910 116
13.706743 44
0.676686 81
0.025496 116
4.153014 62
0.773467 182
0.024126 116
5.107854 68
0.707917 188
0.026310 116
6.418030 38
0.850847 69
0.036730 325
0.000093 144
0.002417 4
0.003729 116
18.262306 290
0.000067 312
1.632120 511
0.000098 67
0.509775 4
0.031514 4
0.032337 4
0.030484 4
0.031547 4
0.029243 4
0.047968 4
0.032029 4
0.030381 4
0.031635 4
0.031045 4
0.030904 4
0.030782 4
0.030474 4
0.046568 4
0.031581 4
0.031309 4
0.030138 4
0.030749 4
0.031706 4
0.032261 4
0.031124 4
0.031157 4
0.046674 4
0.029585 4
0.032084 4
0.029789 4
0.031976 4
0.031431 4
0.029748 4
0.047445 4
0.031351 4
0.031488 4
0.030619 4
0.031026 4
0.032868 4
0.031796 4
0.030083 4
0.032263 4
0.029890 4
0.046374 4
0.032184 4
0.031565 4
0.031453 4
0.031890 4
0.030510 4
0.031883 4
0.030423 4
0.030850 4
0.046895 4
0.031862 4
0.029735 4
0.030949 4
0.031060 4
0.031638 4
0.031083 4
0.031089 4
0.048362 4
0.030679 4
0.031235 4
0.031334 4
0.031491 4
0.030649 195
0.030555 4
0.031496 4
0.031346 4
0.046159 4
0.031083 4
0.032023 4
0.030596 4
0.030434 4
0.032448 4
0.031426 4
0.030660 4
0.046109 4
0.031939 4
0.031539 4
0.031861 4
0.031042 4
0.032049 4
0.029978 4
0.030742 4
0.030321 4
0.046434 4
0.030080 4
0.032308 4
0.031500 4
0.030174 4
0.030918 4
0.031047 4
0.031531 4
0.046311 4
0.031701 4
0.031233 4
0.030626 4
0.031232 4
0.031625 4
0.030293 4
0.031431 4
0.047266 4
0.031566 4
0.031451 4
0.031561 4
0.030444 4
0.030952 4
0.031727 4
0.029838 4
0.033181 4
0.046351 4
0.030579 4
0.030407 4
0.032452 4
0.030960 4
0.031154 4
0.031302 4
0.030792 4
0.046168 4
0.030781 4
0.030220 4
0.031157 4
0.031901 4
0.031979 4
0.031198 4
0.031150 4
0.045378 4
0.032837 4
0.030850 216
0.030505 4
0.031796 4
0.031001 4
0.031635 4
0.030138 4
0.046436 4
0.030829 4
0.030818 4
0.031084 4
0.031646 4
0.030412 4
0.031953 4
0.031258 4
0.032183 4
0.046823 4
0.031231 4
0.031213 4
0.030783 4
0.030161 4
0.031251 4
0.030546 4
0.031732 4
0.046902 4
0.031698 4
0.031451 4
0.030652 4
0.030131 4
0.031172 4
0.031820 4
0.031206 4
0.030869 4
0.045892 4
0.032187 4
0.030194 4
0.030896 4
0.030692 4
0.032153 4
0.030649 4
0.046888 4
0.031512 4
0.031095 4
0.031065 4
0.029990 4
0.030970 4
0.031090 4
0.031944 4
0.031225 4
0.046628 4
0.031300 4
0.031036 4
0.031232 4
0.030685 4
0.031560 4
0.031112 4
0.030859 4
0.045797 4
0.030705 4
0.032525 4
0.031723 4
0.031810 4
0.031367 4
0.029686 4
0.030476 4
0.045372 4
0.030802 4
0.030468 4
0.030225 4
0.031630 4
0.030494 4
0.031110 4
0.047346 216
0.030983 4
0.030283 4
0.031949 4
0.030541 4
0.031740 4
0.030581 4
0.032054 4
0.046296 4
0.032168 4
0.031140 4
0.031085 4
0.031165 4
0.031410 4
0.030031 4
0.031838 4
0.031188 4
0.046830 4
0.030687 4
0.031197 4
0.030446 4
0.031537 4
0.030755 4
0.031453 4
0.044491 4
0.031438 4
0.030720 4
0.031378 4
0.031557 4
0.030972 4
0.030379 4
0.030574 4
0.046452 4
0.031357 4
0.030314 4
0.032279 4
0.031304 4
0.031389 4
0.031587 4
0.030611 4
0.031227 4
0.046188 4
0.031466 4
0.031588 4
0.031050 4
0.030558 4
0.031327 4
0.031139 4
0.045090 4
0.031981 4
0.031910 4
0.030463 4
0.030179 4
0.031514 4
0.029968 4
0.031851 4
0.046909 4
0.030283 4
0.031448 4
0.031419 4
0.031930 4
0.031633 4
0.030391 4
0.031570 4
0.030417 4
0.046011 4
0.031684 4
0.031230 4
0.031652 4
0.030754 4
0.031917 4
0.031681 195
0.030546 4
0.047063 4
0.031334 4
0.029473 4
0.030977 4
0.032209 4
0.030889 4
0.030983 4
0.031205 4
0.045227 4
0.030610 4
0.031661 4
0.032251 4
0.031383 4
0.029507 4
0.031347 4
0.031801 4
0.031288 4
0.045669 4
0.032419 4
0.031477 4
0.031064 4
0.029264 4
0.031918 4
0.029324 4
0.047251 4
0.031082 4
0.031732 4
0.031061 4
0.031873 4
0.029794 4
0.032163 4
0.030158 4
0.047346 4
0.031807 4
0.030313 4
0.030903 4
0.030441 4
0.032083 4
0.031553 4
0.031549 4
0.032035 4
0.046784 4
0.029800 4
0.031695 4
0.031192 4
0.031274 4
0.031311 4
0.032265 4
0.031368 4
0.030543 4
0.031719 4
0.046397 4
0.029933 4
0.031704 4
0.031532 4
0.029898 4
0.030345 4
0.032556 4
0.046450 4
0.031248 4
0.031708 4
0.031460 4
0.032099 150
0.030463 4
0.031120 4
0.031439 4
0.031147 4
0.046516 4
0.030236 4
0.032323 4
0.031794 4
0.029354 4
0.029601 4
0.031294 4
0.031390 4
0.046978 4
0.031028 4
0.030432 4
0.032075 4
0.030518 4
0.030964 4
0.029831 4
0.047935 4
0.030265 4
0.030298 4
0.031323 4
0.031178 4
0.029851 4
0.032237 4
0.030731 4
0.046417 4
0.031885 4
0.031065 4
0.030593 4
0.031240 4
0.030556 4
0.029903 4
0.031640 4
0.046726 4
0.031593 4
0.031012 4
0.030756 4
0.031318 4
0.031302 4
0.029315 4
0.031961 4
0.046495 4
0.031189 4
0.030844 4
0.032192 4
0.030982 4
0.030606 198
0.030771 4
0.031151 4
0.046129 4
0.030750 4
0.031704 4
0.030137 4
0.031860 4
0.029962 4
0.030430 4
0.046496 4
0.031488 4
0.030603 4
0.031057 4
0.031941 4
0.030602 4
0.031236 4
0.030775 4
0.046946 4
0.032042 4
0.032159 4
0.029812 4
0.032469 4
0.030864 4
0.030241 4
0.031068 4
0.031066 4
0.046689 4
0.030757 4
0.032106 4
0.031761 4
0.030289 4
0.032339 4
0.031542 4
0.031979 4
0.030471 4
0.045481 4
0.032255 4
0.030176 4
0.030717 4
0.031527 4
0.030750 4
0.031293 4
0.030829 4
0.045889 4
0.031351 4
0.030683 4
0.031965 4
0.029486 4
0.030924 4
0.031162 4
0.047405 4
0.031172 4
0.029801 4
0.030248 4
0.032453 4
0.030250 4
0.031757 4
0.030148 4
0.047427 4
0.032721 4
0.030809 4
0.031150 4
0.030634 4
0.031618 4
0.031044 327
0.030067 4
0.032511 4
0.046575 4
0.030367 4
0.032005 4
0.031826 4
0.031643 4
0.030521 4
0.030554 4
0.034615 4
0.042644 4
0.031262 4
0.030966 4
0.031448 4
0.029930 4
0.031656 4
0.031000 4
0.032972 4
0.044708 4
0.031827 4
0.031856 4
0.031622 4
0.031663 4
0.030591 4
0.031113 4
0.031462 4
0.030713 4
0.046583 4
0.030586 4
0.031816 4
0.029554 4
0.031820 4
0.031445 4
0.030017 4
0.031812 4
0.045984 4
0.031534 4
0.032699 4
0.030085 4
0.031436 4
0.031582 4
0.031578 4
0.031530 4
0.030917 4
0.046905 4
0.030929 4
0.030365 4
0.030813 4
0.031182 4
0.030807 4
0.030843 4
0.045667 4
0.032501 4
0.031157 4
0.031060 4
0.031758 4
0.030813 4
0.030415 4
0.031604 4
0.031981 4
0.045328 4
0.030829 4
0.032508 4
0.029839 4
0.031250 4
0.031349 4
0.031120 4
0.030400 4
0.046815 1
0.031769 1
0.030570 1
0.030493 1
0.031771 1
0.030742 1
0.031485 1
0.030346 1
0.047338 1
0.034233 1
0.028334 1
0.031544 1
0.030727 1
0.031905 1
0.031169 1
0.031768 1
0.030028 1
3.323788 30
0.724323 44
0.000060 9
0.070375 142
6.056970 51
0.699636 95
0.413206 100
0.000958 142
17.740938 15
0.804396 23
0.000117 16
0.000297 142
1.614410 6
0.991069 9
13.444472 74
0.850189 205
0.000078 6
0.004205 116
8.126178 58
0.778285 178
0.057212 116
13.460727 33
0.784411 158
0.026858 60
7.298622 1
0.299604 1
0.145827 1
0.130841 1
0.289149 1
0.358359 1
0.162820 11
0.000158 86
4.528001 51
0.821168 95
0.342296 174
0.000875 60
19.323352 10
1.145000 4
0.095727 1
0.246288 1
0.130832 1
0.155935 1
0.170113 11
0.000053 6
0.003700 116
4.061333 31
0.775819 55
0.022762 235
0.003661 116
111.647147 48
0.802436 89
0.023521 8
0.000203 67
0.010139 58
0.000748 40
0.000954 181
0.000064 391
0.001288 1283
0.000247 207
11.125254 6
0.000068 16
0.500472 18
0.000058 4
0.045796 22
0.030815 22
0.031707 22
0.030412 22
0.030539 22
0.030080 23
0.032092 23
0.046427 23
0.030299 23
0.031172 23
0.031403 23
0.029932 18
0.000035 5
0.031737 23
0.031314 23
0.044964 23
0.031903 23
0.031153 23
0.030808 31
0.031592 23
0.031097 23
0.030995 23
0.030393 23
0.046550 23
0.031227 18
0.000057 112
0.032173 18
0.000285 70
0.031449 18
0.000113 16
0.000218 15
0.030981 6
0.000050 28
0.000173 50
0.034095 6
0.000040 28
0.000196 94
0.027271 6
0.000281 12
0.000204 16
0.000070 41
0.030824 18
0.000056 31
0.031236 6
0.000053 28
0.000191 50
0.045083 18
0.000431 89
0.030337 6
0.000233 125
0.031470 34
0.000411 51
0.034544 34
0.000059 24
0.027794 6
0.000356 148
0.030204 49
0.031602 18
0.000056 89
0.030638 34
0.000036 15
0.000102 79
0.045628 6
0.000285 53
0.031415 18
0.000054 31
0.030662 18
0.030339 18
0.031291 18
0.031430 18
0.031036 18
0.045060 18
0.031024 18
0.030758 18
0.032357 18
0.032651 18
4.844854 6
0.000279 12
4.456039 21
0.499317 21
0.031942 21
0.030872 21
0.032293 21
0.046404 21
0.032167 21
0.031299 21
0.031559 18
0.000058 3
0.030847 21
0.031257 21
0.030591 21
0.031137 21
0.032182 21
0.045882 21
0.030530 21
0.031933 21
0.030761 21
0.031611 21
0.030546 21
0.032100 21
0.029769 21
0.031344 18
0.000055 3
0.046477 18
0.000057 3
0.032122 21
0.030167 44
0.000057 21
0.030726 6
0.000190 38
0.000064 78
0.030334 6
0.000044 38
0.000049 28
0.030489 6
0.000162 38
0.000144 178
0.030314 18
0.000068 26
0.047584 44
0.000069 19
0.030449 6
0.000214 123
0.030321 44
0.000061 21
0.030722 6
0.000103 38
0.000149 78
0.030160 6
0.000243 66
0.031412 6
0.000043 23
0.000050 15
0.000160 178
0.031061 6
0.000057 38
0.000258 93
0.046167 6
0.000055 38
0.000120 84
0.029953 18
0.000067 26
0.030298 6
0.000156 38
0.000212 229
0.031135 6
0.000233 23
0.000169 77
0.029393 18
0.000060 26
0.031743 18
0.000079 54
0.031118 18
0.031040 18
0.046363 18
0.031303 6
0.000061 12
0.031634 18
0.031798 18
0.030111 18
0.031077 18
0.031195 18
0.031381 18
0.046415 18
0.031323 18
5.196833 6
0.000350 65
0.003833 116
5.552746 47
0.794975 87
0.013215 8
0.000125 108
22.641702 1
0.275685 1
0.138210 1
0.171775 1
0.261260 11
0.000058 6
