0.039553 124
176.963516 25
0.751390 34
0.000267 9
0.000468 114
18.778787 30
0.776702 53
0.068455 28
1.759043 2
0.186253 62
0.000035 13
0.001275 58
0.000173 40
0.001612 271
0.000319 352
0.000975 478
0.000247 276
0.000155 486
2.387210 22
0.501146 22
0.045849 22
0.030367 22
0.031660 22
0.030926 22
0.030640 22
0.030377 23
0.031299 23
0.045730 23
0.030571 23
0.031232 23
0.031375 18
0.000074 5
0.031935 18
0.000075 5
0.032784 23
0.029614 23
0.030497 23
0.046417 23
0.030431 23
0.031152 31
0.030557 18
0.000120 5
0.031914 18
0.000051 5
0.031706 23
0.030669 18
0.000092 5
0.031650 23
0.030234 6
0.000159 12
0.000320 85
0.046126 18
0.000053 49
0.031480 18
0.000192 80
0.030314 34
0.000068 79
0.030967 34
0.000132 75
0.030275 18
0.000034 49
0.030757 6
0.000059 28
0.000130 68
0.044407 6
0.000250 108
0.033254 34
0.000057 68
0.029669 6
0.000054 28
0.000184 72
0.031033 34
0.000048 92
0.028786 18
0.000056 103
0.031203 6
0.000140 28
0.000055 75
0.030904 6
0.000131 98
0.032062 6
0.000036 12
0.000040 16
0.000282 67
0.045364 34
0.000052 15
0.000042 59
0.030698 18
0.000053 88
0.030260 6
0.000199 28
0.000183 89
0.031555 6
0.000030 28
0.000244 92
0.030742 6
0.000060 28
0.000135 91
0.035565 6
0.000124 28
0.000046 93
0.026742 6
0.000046 113
0.030756 6
0.000098 28
0.000194 101
0.046001 6
0.000171 28
0.000260 105
0.032424 34
0.000085 73
0.029521 18
0.000031 110
0.030991 18
0.000031 49
0.030171 18
0.000059 93
0.031364 18
0.000088 49
0.030649 18
0.000120 31
0.045780 6
0.000034 12
0.000212 31
0.000076 57
0.030844 49
0.000074 64
0.031506 18
0.000055 92
0.030795 6
0.000145 12
0.000178 91
0.030843 34
0.000031 75
0.031363 6
0.000061 28
0.000143 75
0.031979 6
0.000057 12
0.000243 90
0.031001 34
0.000152 77
0.030294 6
0.000197 28
0.000172 74
0.045549 18
0.000048 31
0.032188 18
0.000044 16
0.000050 45
0.030764 18
0.000074 31
0.031696 18
0.030784 18
0.031665 18
0.030043 18
0.030105 18
0.047534 18
0.030091 18
0.031941 18
0.031373 18
0.030985 18
0.030561 18
0.031345 18
0.029787 18
0.045945 18
0.032420 18
0.029440 18
0.033951 18
0.028164 18
36.376258 18
0.003222 26
1.036981 24
1.881945 6
0.002384 29
0.001728 186
6.958485 247
1.512717 285
0.000057 64
0.874999 6
0.009077 45
0.003178 70
0.000351 9
0.000340 52
0.005289 114
11.231539 1
0.154244 1
0.179748 1
0.402178 1
0.177279 1
0.465933 1
0.395615 1
0.196776 1
0.169687 1
0.134300 1
0.485489 1
0.492776 2
0.000208 9
0.016115 10
1.756983 2
3.137632 28
0.000903 114
5.151963 11
0.563192 11
0.008684 10
2.760452 2
3.296208 28
0.000924 114
1.036161 11
0.544297 11
0.007521 10
1.988104 2
16.115534 2
8.034763 129
0.000038 118
8.745631 1
0.201937 1
0.164227 1
0.177748 1
0.481045 4
0.250599 1
0.203408 1
0.162280 1
0.268353 1
0.295661 1
0.268071 1
0.224774 11
0.000057 4
0.000026 8
0.000063 110
140.570596 113
0.981488 208
0.010119 33
0.002613 11
0.000371 22
0.001094 11
0.000314 22
0.000797 11
0.000203 22
0.001281 33
0.001393 11
0.000209 22
0.001006 11
0.000399 22
0.000640 11
0.000264 22
0.000910 11
0.000190 22
0.000182 53
0.986379 53
1.943113 53
3.851745 53
7.673262 46
0.009386 118
32.886580 13
0.836865 19
0.000036 6
0.005005 114
4.640701 75
0.704696 183
0.000087 9
0.030922 114
631.773659 39
0.757124 62
0.000253 9
0.004922 62
0.000654 114
13.755875 30
0.758526 53
0.023225 28
2.145313 2
0.131156 75
0.000637 58
0.000082 40
0.000957 146
0.000282 477
0.000528 185
0.000307 365
0.000048 293
0.000119 397
1.468303 21
0.421986 22
0.444484 19
0.217712 22
0.516987 22
0.026482 22
0.031752 22
0.030506 22
0.030994 22
0.031351 23
0.031230 23
0.031009 23
0.053056 18
0.000078 5
0.026225 18
0.000066 5
0.031887 23
0.030647 23
0.031778 23
0.031611 23
0.030541 23
0.031159 31
0.031006 23
0.045467 23
0.030439 18
0.000057 5
0.031084 23
0.031240 23
0.031338 23
0.031485 23
0.031309 6
0.000035 12
0.000114 16
0.000108 69
0.032302 18
0.000071 49
0.045393 6
0.000155 28
0.000040 64
0.029986 6
0.000235 107
0.031844 34
0.000086 75
0.030053 6
0.000042 28
0.000078 33
0.031028 6
0.000032 28
0.000176 68
0.031407 18
0.000104 96
0.030401 18
0.000030 84
0.050975 18
0.000059 88
0.027657 34
0.000030 92
0.031083 34
0.000098 87
0.030176 6
0.000056 28
0.000129 75
0.030977 34
0.000067 70
0.031535 18
0.000301 83
0.031944 18
0.000230 90
0.032299 6
0.000199 100
0.034588 6
0.000220 28
0.000112 89
0.027368 6
0.000120 43
0.000043 77
0.045671 6
0.000033 28
0.000173 91
0.030348 6
0.000218 121
0.030958 6
0.000184 28
0.000133 85
0.030287 6
0.000066 28
0.000179 101
0.030666 6
0.000136 133
0.031339 18
0.000180 89
0.034042 6
0.000038 28
0.000447 94
0.027538 18
0.000091 49
0.046250 6
0.000057 28
0.000135 77
0.032163 18
0.000048 49
0.031820 49
0.031140 18
0.000233 88
0.029819 6
0.000055 28
0.000070 79
0.031402 6
0.000050 28
0.000145 76
0.034737 6
0.000029 28
0.000190 75
0.027472 34
0.000033 75
0.029840 18
0.000056 16
0.000041 75
0.046338 34
0.000123 74
0.030975 6
0.000216 105
0.031312 18
0.000068 16
0.000111 74
0.030718 34
0.000181 15
0.030988 18
0.000235 61
0.034731 81
0.026822 18
0.000069 63
0.031525 18
0.000051 63
0.046961 18
0.000061 63
0.031147 18
0.000137 31
0.031112 18
0.032256 18
0.033217 18
0.029654 18
0.031347 18
0.030615 18
0.033726 18
0.030435 18
0.032325 18
0.045154 18
0.036276 18
0.026581 18
0.030468 18
0.031701 18
0.032398 18
0.030227 18
8.450007 35
0.000742 41
1.444559 6
0.002658 157
5.635441 247
1.539619 6
0.000099 279
0.000160 64
0.902854 6
0.000389 45
0.003372 70
0.000362 61
0.005006 114
23.933395 41
0.856028 135
0.000091 9
0.008738 10
2.368063 2
2.644187 28
0.001016 7
0.000059 114
7.688691 2
2.466070 10
0.476002 20
0.807840 11
0.007641 10
5.733248 2
24.092796 118
6.410603 4
0.522825 76
0.638272 128
0.177598 7
0.169242 1
2.645162 1
0.288647 1
0.332453 4
0.571923 1
0.174005 1
0.172567 1
0.232114 4
0.156040 4
0.156093 4
0.254048 1
0.148845 1
0.181966 1
0.143082 1
0.106692 1
0.352547 1
0.358162 1
0.231575 1
0.201797 11
0.000268 4
0.000110 118
1013.015245 67
0.969416 174
0.089599 92
0.042269 92
0.004893 118
3.346324 1
0.246657 1
0.163632 1
0.118048 1
0.139809 1
0.305918 1
0.148961 1
0.122296 1
0.219853 1
0.062686 1
0.117551 1
0.223618 11
0.034870 30
1.568123 2
2.491770 19
0.000178 30
4.543430 2
2.044438 19
0.000159 30
5.679634 2
0.000964 35
0.000034 2
0.017031 118
1.662574 11
2.127357 4
0.178253 4
0.501771 4
0.031188 4
0.047377 4
0.031069 4
0.031262 4
0.032409 4
0.225384 4
0.302678 1
0.191366 1
0.188056 1
0.130868 1
0.109793 1
0.088751 1
0.093727 1
0.198406 11
0.017643 10
2.257409 2
24.071031 124
12.361072 33
0.810185 59
0.861822 14
0.005475 124
7.342128 31
0.930258 55
0.208847 14
0.005872 124
76.629932 115
0.948152 210
0.000081 9
0.230756 66
0.409758 124
22.816609 62
2.004301 185
0.000250 9
0.980885 34
0.025210 40
0.008055 41
0.283403 38
0.024766 29
0.083254 124
84.219806 159
0.729257 173
0.000196 9
0.000818 11
0.000919 11
0.000346 124
0.176807 61
0.010799 61
0.087302 48
0.749884 48
113.951119 231
0.750871 231
124.479706 2
1.158198 11
0.000038 8
0.000069 9
0.000188 100
0.000031 100
0.001097 124
4.818093 159
0.808685 182
0.000886 11
0.000842 11
0.000253 124
0.185503 61
0.021531 61
0.063760 48
0.728423 48
113.951544 231
0.733395 231
35.823132 11
0.000054 19
0.000264 198
0.000109 124
1.233960 70
0.702190 133
1.131857 14
0.760997 21
0.005500 4
0.000496 124
15.347443 93
1.057877 197
0.000133 9
0.562352 14
0.000409 61
0.071595 14
0.000629 61
0.004874 124
13.661872 117
1.070557 221
0.191564 66
0.366770 124
2.705489 115
1.268783 219
0.181065 66
0.359336 124
12.884945 18
0.939060 29
0.074296 167
0.000038 60
0.000027 83
0.000036 47
0.000026 55
0.000037 17
0.005311 124
20.052902 109
1.137179 97
0.000109 9
0.179731 411
0.145354 255
0.000087 156
0.009553 124
24.272136 51
1.186386 86
0.000083 9
0.025480 238
0.429424 25
0.257898 25
0.229099 25
0.250136 25
0.270254 25
0.253094 25
0.241274 25
0.249465 25
0.242409 25
0.155090 55
0.000048 197
0.000049 2
0.000083 399
0.009028 426
0.000039 32
0.032421 124
31.192230 121
0.018836 121
0.016853 121
0.010705 121
0.011551 121
0.025595 121
0.006227 121
0.006578 121
0.027070 121
0.016658 121
0.017275 121
0.042902 121
0.019909 121
0.042344 121
0.077306 121
0.200531 121
3.432066 121
2.615570 121
0.022387 121
0.012890 121
0.016036 121
0.009925 121
0.006562 121
0.015721 121
0.021937 121
0.005626 121
0.016241 121
0.014245 121
0.015486 121
0.020791 121
0.025407 121
0.022615 121
0.020474 121
0.029367 121
0.006062 121
0.032350 121
0.020053 121
0.024645 121
0.023768 121
0.028280 121
0.029694 121
0.049375 121
0.078608 121
0.032312 121
74.827257 121
0.059214 121
68.739370 1
0.194807 1
0.138147 1
0.130209 1
0.135677 2
0.000168 9
0.000262 6
0.008005 118
2.339096 1
0.133713 1
0.377176 4
0.155725 4
0.624844 1
0.284053 1
0.093906 1
0.529492 1
0.170313 2
0.000038 9
0.000048 6
0.009191 114
1.415755 1
0.181678 1
0.506049 4
0.085986 1
0.152206 1
0.097824 1
0.131121 11
0.000422 6
